# IV Measurement - T = 18.00 °C - Pull number 0
# Td_go[°C]	Td_return[°C]	Vcc	Vd_go[V]	Vd_return[V]	ErrVd_go[V]	ErrVd_return[V]	Vr_go[V]	Vr_return[V]	ErrVr_go[V]	ErrVr_return[V]	Id_go[A]	Id_return[A]	ErrId_go[A]	ErrId_return[A]
# 
17.96633	18.02464	-1.0	-1.0142704327167755	-1.0124331927295354	0.0005197124638419618	0.0004627294783032743	-0.006083242192035695	-0.0072221995967055586	0.000527669871417846	0.0004688628973990231	-6.100934903255135e-07	-7.243204890889137e-07	5.599353770450472e-08	5.1796679026510044e-08
17.98632	18.02464	-0.8775510204081632	-0.8888364284630155	-0.8873027443417696	0.0005328052766545474	0.0005072174341825651	-0.006092792959973781	-0.00680464305413216	0.0005388104012163999	0.0005134004665632192	-6.110513448975811e-07	-6.824433912478347e-07	5.7059895985976075e-08	5.540709909665243e-08
18.01798	18.0013	-0.7551020408163265	-0.7668960431000894	-0.7667847089545012	0.00048030660121698413	0.00046584226593837744	-0.007047077940184443	-0.006758701778307054	0.000488877808170498	0.0004716106248753444	-7.067573904507515e-07	-6.778359019463498e-07	5.3414440744764094e-08	5.148085396458516e-08
18.0263	17.97964	-0.6326530612244898	-0.6445216819225679	-0.6417964955559186	0.0005427737558068154	0.00046346586671711565	-0.005466003890542875	-0.0059099422257597335	0.0005460959584071384	0.00046808160645335256	-5.481901404616262e-07	-5.927130905385351e-07	5.718222148429914e-08	5.019631847048109e-08
18.02131	17.97132	-0.5102040816326531	-0.5227312566162047	-0.5223422689405691	0.0004601030813623974	0.00015043957198441013	-0.0067214042486820795	-0.006242898946603348	0.0004660138293233819	0.00014432749974909573	-6.740953012418092e-07	-6.261056009029533e-07	5.0921000870539193e-08	2.370692988516674e-08
18.00631	17.98465	-0.3877551020408163	-0.3974104042331608	-0.3984973886250223	0.00014663133733518595	0.0001470436582720098	-0.005892204379299493	-0.006251085120523692	0.00014000658156743608	0.00014023051209682009	-5.90934146956122e-07	-6.269265991900202e-07	2.2609069829960263e-08	2.347801873027997e-08
17.98632	18.0013	-0.26530612244897966	-0.2773454305134703	-0.2773899641495932	0.00015045261440375612	0.00014784077999938067	-0.006064138441190359	-0.005307714105170176	0.00014014047651617106	0.00014116023233440176	-6.081775590402526e-07	-5.323151243777129e-07	2.3024774802529793e-08	2.1335995795004112e-08
17.97299	18.01631	-0.1428571428571429	-0.1528429973638018	-0.15260351542631095	0.00014739489735304145	0.000474251078481094	-0.006317492648915211	-0.006580399695523209	0.00013893417758249058	0.0004871870343477798	-6.335866662235694e-07	-6.599538356757806e-07	2.356112053171333e-08	5.2716060879501784e-08
17.97964	18.02297	-0.020408163265306145	-0.03319973010769055	-0.03274530480883783	0.0005095440768051331	0.000520186293341598	-0.00796816213565744	-0.006662728387302026	0.0005139229369630466	0.0005246760622886176	-7.991337012995125e-07	-6.682106496140834e-07	5.684019058578832e-08	5.630623117673693e-08
18.00631	18.01965	0.1020408163265305	0.0905992533817859	0.0914113107859647	0.0005268552919520122	0.0004558488641761643	-0.007025702401041015	-0.0073941351038206565	0.0005316645792633335	0.00046409388835270656	-7.046136196009442e-07	-7.415640461158015e-07	5.7354882636306776e-08	5.158365601250737e-08
18.0263	17.99298	0.22448979591836737	0.21086053862387888	0.21104276305437025	0.00044456715080323263	0.00043808454734248225	-0.005886744757206168	-0.0051576128007238264	0.000448819904927391	0.00044342496591497874	-5.903865968514861e-07	-5.172613379524448e-07	4.8368953531339813e-08	4.709888746661107e-08
18.02464	17.97299	0.346938775510204	0.3193158643087935	0.31817480318639235	0.0004779189256068826	0.0004207216732529884	0.01127766909213146	0.011371825831792033	0.0004810119457238935	0.0004241827591294179	1.1310469453546745e-06	1.1404900041913582e-06	5.897069684092794e-08	5.458406469255155e-08
18.00964	17.97299	0.46938775510204067	0.3851370430697285	0.3867916042366565	0.000291658331347656	0.00014784215721914634	0.06359465928369981	0.06379752472314233	0.0002901880593374322	0.0001381408597573169	6.377962018222827e-06	6.39830756425056e-06	1.934573379089655e-07	1.9236535164322922e-07
17.98632	17.99298	0.5918367346938775	0.4223121835378295	0.42283886202952736	0.0001496287718756044	0.00014186352886970833	0.1493171233755638	0.1498670432957212	0.00014039089960733887	0.00013609155477497454	1.4975140244264747e-05	1.5030292176885086e-05	4.492796429999972e-07	4.5091941519680653e-07
17.97299	18.01296	0.7142857142857142	0.4446935206742719	0.4445544658431588	0.00014718118683243095	0.00021970213078171473	0.24902456504209813	0.251054583735333	0.00014135080305197647	0.00021847503676367065	2.497488366684366e-05	2.517847595379932e-05	7.49055049519957e-07	7.553438715715298e-07
17.97964	18.0263	0.8367346938775511	0.4582131174413842	0.45996401668515013	0.00023029851147092354	0.00020594140381700358	0.3559928598885022	0.3563417338154873	0.0002280944568135605	0.0002004948701149996	3.570282417896923e-05	3.573781303936288e-05	1.0708636028590029e-06	1.0718570738924418e-06
18.00464	18.02797	0.9591836734693877	0.4718445005188269	0.4713687176183469	0.00017813178837064748	0.00020271236525849684	0.465244069079276	0.46675464453765836	0.00017362745698612202	0.00020173410692255636	4.66597200962066e-05	4.6811216983016586e-05	1.399291614594799e-06	1.403871989977572e-06
18.0263	18.01464	1.0816326530612246	0.4818086759331766	0.48076486187166545	0.00015327098923925098	0.00018003128863918754	0.5783242539197608	0.5792166797965238	0.00014071184667472392	0.0001701308941267371	5.800062721088766e-05	5.809012935478125e-05	1.7393198659932401e-06	1.7420300755339198e-06
18.02464	17.98799	1.204081632653061	0.490764028005535	0.4913275149172782	0.0001493271703044093	0.0001518380515700433	0.6924760761980833	0.6919998428173642	0.0001434303553291761	0.00014523487334121914	6.944900974807776e-05	6.94012479006483e-05	2.082614508263157e-06	2.0811835684839393e-06
18.01296	17.97299	1.3265306122448979	0.49825340525750295	0.49765220107666724	0.00015025531607464765	0.0001435218080297481	0.8081812289397826	0.8073638541688636	0.00014423511011743166	0.00013757389306373485	8.105317710759027e-05	8.097120190240333e-05	2.4305816028763526e-06	2.4281195710374592e-06
17.99298	17.97299	1.4489795918367347	0.5052701805834927	0.5066202770470324	0.0001492183179479807	0.00014626816333323172	0.9236862434137206	0.9230471738615902	0.00014695085406782332	0.00013936191363341326	9.263727243142319e-05	9.257317960701937e-05	2.7779494803049514e-06	2.7760236219443183e-06
17.97299	17.99298	1.5714285714285712	0.5096126652033462	0.5103133855661381	0.00014753037387917308	0.00014513429035693503	1.0405662890887792	1.0427641493520408	0.00014214622519865942	0.00013875594886046363	0.00010435927079418105	0.00010457969605375997	3.129449978653102e-06	3.136058266929136e-06
17.97964	18.01296	1.693877551020408	0.5150294103549425	0.5162100042029649	0.0001445357476025154	0.0001370569671803928	1.1603774186439275	1.1584711215144876	0.0001394902199745175	0.00013334761481458357	0.00011637523003148405	0.00011618404588451385	3.489767663319701e-06	3.4840322584982277e-06
18.00464	18.0263	1.816326530612245	0.5196372778275036	0.5196127401870734	0.00013693930983713095	0.00013809605471778782	1.2762504139086026	1.275211979516834	0.00013415495154642452	0.00013431679039923404	0.00012799623045919192	0.00012789208499817812	3.8382417049813635e-06	3.835118775159058e-06
18.02297	18.03298	1.9387755102040813	0.5234435418896239	0.5236053171643347	0.00014374873848312631	0.00013931837307752188	1.3947606585881192	1.3950626824322427	0.00014004626887965783	0.00013583060924242388	0.00013988172285509169	0.00013991201308115965	4.194651449161022e-06	4.195558361867288e-06
18.01965	18.02131	2.061224489795918	0.5279855199495107	0.527084395315925	0.00013465386750138232	0.0001414664600495107	1.5138804093783924	1.515597942403986	0.0001319391371358089	0.00013668794815278095	0.00015182834313292473	0.00015200059596870785	4.552890013813973e-06	4.55805673879439e-06
18.00631	17.99298	2.183673469387755	0.5314850472547388	0.5318549491464852	0.0001409445871824729	0.0001437077670207842	1.6339767339344788	1.6345976112646428	0.00014154834419524687	0.00014233796912096992	0.0001638729048174184	0.00016393517312853704	4.914071105870656e-06	4.91593856489833e-06
17.98632	17.97299	2.306122448979592	0.5356266746788731	0.5354703525033573	0.00014594383103946692	0.00013403186370051023	1.7524410389690486	1.7535945517215903	0.0001411098090246422	0.00013352268747003913	0.00017575378988757883	0.00017586947665445695	5.270341252844759e-06	5.273808348053925e-06
17.97132	17.97299	2.4285714285714284	0.5393797701660404	0.5383200512320201	0.00014532414174359078	0.00014044063596196045	1.8727111176378763	1.874014732603627	0.00014329314841394662	0.00013698419002255546	0.00018781577751859156	0.0001879465181630355	5.632042954085731e-06	5.635961878227239e-06
17.97964	17.99131	2.5510204081632653	0.5418204864587606	0.541281084068245	0.0001359196200069379	0.00014250152502845212	1.9932545650029845	1.9947933412927563	0.00013090062170644236	0.00013550468923690737	0.00019990518152672595	0.00020005950669870187	5.994563495464566e-06	5.9991922556886315e-06
18.00297	18.00797	2.673469387755102	0.544033990287068	0.5443884417315518	0.00014360947466090474	0.0001297593418864858	2.114234673347548	2.1135783173128035	0.00014098966083404206	0.00012919689973478097	0.0002120383786327899	0.0002119725521324645	6.358402565393203e-06	6.356426112581253e-06
18.0263	18.01965	2.7959183673469385	0.5454776982859457	0.5466037632595745	0.00013179899031911962	0.00013525851947888842	2.231318492160842	2.2308354375491466	0.0001311976946978434	0.00013389412539868475	0.00022378081357545305	0.0002237323676210156	6.710519695599413e-06	6.70906748720514e-06
18.02131	18.02131	2.9183673469387754	0.5496152372628991	0.5492885057390737	0.00013744461667479564	0.00013886455552227672	2.350686138867728	2.3513283943916776	0.00013630013416608607	0.0001355168607165455	0.00023575229554384996	0.00023581670789205473	7.06950838864954e-06	7.071439764272856e-06
18.00964	18.00631	3.040816326530612	0.550491368525674	0.5511371063495346	0.00014174128053445563	0.0001381216657225337	2.474036954372427	2.4723417071648877	0.00013679251540434613	0.00013499613525459918	0.00024812325287056736	0.0002479532350982738	7.44047525023354e-06	7.435376612164512e-06
17.98965	17.97964	3.163265306122449	0.5538504775995499	0.553551011571454	0.0001402737201680899	0.00013200928492344285	2.593272236294076	2.592721861517887	0.0001393969343692748	0.00013056221795846554	0.00026008145986301036	0.0002600262623124949	7.799065433489005e-06	7.797408691017389e-06
17.97299	17.96966	3.2857142857142856	0.5560621637281421	0.555269646652271	0.00013866676457457446	0.00014201941910905175	2.7120008136921685	2.711850254396446	0.00013809853741420522	0.00014093846738622755	0.0002719888490314079	0.00027197374931265127	8.156131091547744e-06	8.155678786159678e-06
17.97964	17.98298	3.408163265306122	0.5581775117718234	0.5585905840321255	0.00013576761219590626	0.0001375956314870215	2.8328635695296613	2.8330282247473253	0.00013858948090475414	0.00014220652939107858	0.00028411027675555723	0.0002841267901662146	8.519615464879749e-06	8.520111250746494e-06
17.99963	18.00297	3.5306122448979593	0.5610258472256996	0.5601769814586542	0.00013387963125136083	0.00013971513341916474	2.954719726604253	2.9543649395584453	0.00013085059628815864	0.00013566060965894628	0.0002963313335276555	0.0002962957516355877	8.886086184531797e-06	8.885019918441163e-06
18.02131	18.01965	3.6530612244897958	0.5613112260810018	0.5624472884030648	0.00013205468598790997	0.00012973797479002053	3.074092376718195	3.074450800484733	0.00012530367010639586	0.0001250237592727166	0.0003083033172919662	0.0003083392639138234	9.24508845980536e-06	9.246166350688378e-06
18.01965	18.0263	3.775510204081632	0.5636592396882416	0.5636360640168715	0.0001315576246675052	0.00013092561199615183	3.193675624783687	3.194383834309742	0.00013409121002327433	0.00013458482399473045	0.00032029642210246585	0.0003203674490331704	9.604726114033588e-06	9.606856063258713e-06
18.00464	18.01965	3.8979591836734695	0.5656282629048413	0.5644308532173868	0.0001389029053138537	0.00013169593721995185	3.3169632118585013	3.315335739995079	0.0001408134323452552	0.00013513001811246906	0.00033266103819662034	0.0003324978176707531	9.975503971062548e-06	9.970608697188505e-06
17.98131	17.99464	4.020408163265306	0.5672142059064411	0.5672605572491813	0.00013848246006050523	0.00012842953092941436	3.4367020220309863	3.437004044461567	0.00013866976453742153	0.0001290920954430906	0.00034466974446203854	0.0003447000345463411	1.0335607951989568e-05	1.0336515011031892e-05
17.97299	17.97964	4.142857142857142	0.5702529454054952	0.5703320153431108	0.00013227653114754583	0.0001300981024113635	3.5570780814819356	3.5572841320869837	0.00012944397512880998	0.00012737417953648852	0.00035674236099507927	0.0003567630259840521	1.0697627568003175e-05	1.0698246997908959e-05
17.98465	17.97964	4.26530612244898	0.5715998608945331	0.5716534830361344	0.0001290007604801912	0.00013086473091223488	3.679238084382567	3.6790302155617858	0.0001317967193223133	0.00013528273205542555	0.0003689938907213486	0.00036897304338198635	1.1065013744492603e-05	1.106438901975066e-05
18.00964	17.99963	4.387755102040816	0.5733993836126807	0.5727999971315604	0.00013363077690885133	0.00013814089679369074	3.799854308765574	3.799725585563887	0.00013795312210446975	0.00014153139245352803	0.00038109059359799156	0.0003810776838395233	1.1427757596513912e-05	1.1427370912484699e-05
18.0263	18.01296	4.5102040816326525	0.5750162275094408	0.5741114674761499	0.0001302010338178118	0.00012706211824781648	3.919799167520893	3.919801896013837	0.0001332036019920276	0.00013229205318307066	0.00039311996464957305	0.00039312023829243174	1.178848108571238e-05	1.1788489188179517e-05
18.02297	18.02297	4.63265306122449	0.5758428264549739	0.5750453107048856	0.000125928396076512	0.00013034325661770757	4.041808613153488	4.043346023219834	0.00013144874974795753	0.00013691418070239646	0.00040535639486044404	0.0004055105830127203	1.2155414035142242e-05	1.2160038273319564e-05
18.0113	18.02131	4.755102040816326	0.5765480939445106	0.576065949095027	0.00013494391626513128	0.00013050002950072413	4.161958155926711	4.162540370261453	0.00013958194172432952	0.00013531108130311405	0.0004174062938448211	0.0004174646846115187	1.2516754579695074e-05	1.2518505068664085e-05
17.99298	18.0013	4.877551020408163	0.579689077978216	0.5788483929342237	0.00013320713815061046	0.00012948570951419846	4.284005809245777	4.283479087088539	0.00014030170701003473	0.00013787611195907877	0.0004296465559367944	0.0004295937305273833	1.2883802711864958e-05	1.2882218375838765e-05
17.97299	17.97964	5.0	0.5796677210808955	0.5794373276419812	0.00013322397278750815	0.00012983464544661193	4.402435089849872	4.4051583078554195	0.00013999221381617898	0.00013824452265972609	0.00044152392837728134	0.000441797042207945	1.3239968790507458e-05	1.3248158455425946e-05
