# IV Measurement - T = 13.00 C - Pull number 2
#  - T Return Leg
12.72266	12.70736	-5.0	-1.9037149826242983	-1.902846576585313	0.0001359742878998856	0.00013565163456441068	-3.1230953084539212	-3.117074845195287	0.000159459090780546	0.0001577727646517575	-0.0003132178626470686	-0.0003126140653089246	9.392465819358209e-06	9.374359510713214e-06
12.72266	12.70736	-4.795918367346939	-1.8863318658291879	-1.885361668606146	0.0001364044201388992	0.00013724756475328785	-2.9371186681725345	-2.933899658014608	0.00015590047312235707	0.000161149271135088	-0.00029456610853199623	-0.0002942432712881966	8.833156597061017e-06	8.823476652526319e-06
12.72266	12.70736	-4.591836734693878	-1.8686220175030124	-1.8677799681098992	0.00013489337495675114	0.0001341758623394627	-2.7473257928727777	-2.74284183043999	0.0001591389253108881	0.00015588354357890807	-0.00027553162098814337	-0.00027508192061377894	8.262371715731258e-06	8.248885967576963e-06
12.72126	12.70736	-4.387755102040816	-1.850348227840165	-1.848918152589152	0.00013678034326025263	0.00013495447622140005	-2.5692381609535606	-2.5615206304614437	0.00015916505649994113	0.0001599986331485867	-0.0002576710621756655	-0.0002568970645332909	7.72678888782448e-06	7.703579273149424e-06
12.71987	12.70736	-4.183673469387755	-1.8287525919476053	-1.8272216343623933	0.00013612995892162865	0.0001349136863271543	-2.3801917030155617	-2.374848973989844	0.00016530132316882693	0.0001617618373633332	-0.00023871143345858607	-0.00023817560665829345	7.158249926774521e-06	7.142181336819362e-06
12.72126	12.70736	-3.979591836734694	-1.808367544065436	-1.8081607807228206	0.00013448397997557296	0.00013604585988474647	-2.1997606571732646	-2.1915787220707097	0.00016236647562697872	0.00016300805276904577	-0.0002206158516872194	-0.00021979527851476377	6.615619243955488e-06	6.591012981362103e-06
12.71987	12.70736	-3.7755102040816326	-1.7843180135572205	-1.7843566396761705	0.00012863049575665631	0.00012688560726083887	-2.0146236795669563	-2.010769691568071	0.00015790138863998348	0.0001575849996993842	-0.00020204830805004074	-0.0002016617883430018	6.058835669626668e-06	6.047245074441003e-06
12.71987	12.70736	-3.571428571428571	-1.7633712964630233	-1.7619666690080245	0.00012951084904380526	0.0001306573280035457	-1.835827836049192	-1.8313725315656735	0.00015813591014467464	0.0001557030893075079	-0.0001841167220990063	-0.00018366989585454554	5.521123962791628e-06	5.507724359340236e-06
12.71987	12.70736	-3.36734693877551	-1.7363234720382357	-1.7374245418769623	0.00013821346615502033	0.00014056370110028735	-1.6586699302045589	-1.6541941570177494	0.0001650372574594204	0.00016189032734684596	-0.0001663494062987222	-0.0001659005272307441	4.988340817137623e-06	4.974879331760118e-06
12.71847	12.70736	-3.163265306122449	-1.7075738227273642	-1.7073316142403003	0.0001370673668792019	0.0001371772772375593	-1.4832827735301644	-1.4767847123296365	0.00016135327079331682	0.00016289949570309604	-0.00014875968042625258	-0.00014810798438768795	4.460880263801705e-06	4.44133857620431e-06
12.71847	12.70736	-2.9591836734693877	-1.6767079182867708	-1.6761735145704724	0.0001416094014159552	0.00014376741542741878	-1.3107589302575147	-1.3032092438647969	0.00016472423376517423	0.00016538847802393997	-0.00013145711866989417	-0.00013069995425381574	3.942034264178669e-06	3.919329685366875e-06
12.71847	12.70736	-2.7551020408163263	-1.642837356216785	-1.6401353446028362	0.00014374492953684004	0.00014765662463483837	-1.1389055420995073	-1.1340040240360119	0.00016482645582870654	0.00017129924186077652	-0.00011422179742247591	-0.00011373022004172219	3.42520461047351e-06	3.4104670788347184e-06
12.71847	12.70736	-2.5510204081632653	-1.6029452094149368	-1.6012006721131768	0.0001471766347899518	0.00014554122165911064	-0.9749666404345294	-0.9668265486305752	0.00017375094141367948	0.00017276121411491377	-9.778022670088551e-05	-9.696385002813912e-05	2.9321837407468484e-06	2.9077029271075806e-06
12.71847	12.70736	-2.3469387755102042	-1.5591450082251919	-1.5580121268776306	0.0001524760234508691	0.00015086547891455574	-0.8143841070058402	-0.8066274615030679	0.00017857824984759892	0.00017989877903972382	-8.167526898062784e-05	-8.089734846084324e-05	2.449258684644562e-06	2.425932822444757e-06
12.71847	12.70736	-2.142857142857143	-1.5127686721139368	-1.5106215143252377	0.0001575492863879288	0.00015467967106369364	-0.6592884950757236	-0.6538329619636466	0.00018692600254513727	0.00017878281637022508	-6.612059924538397e-05	-6.557345922812622e-05	1.9828445339221465e-06	1.9664305900731563e-06
12.71847	12.70736	-1.9387755102040813	-1.4539533624259497	-1.452671429701734	0.00016951630922035227	0.00016988784608536406	-0.5116761602300346	-0.5086340891908232	0.0001906528999950024	0.00019699892364131172	-5.1316433680677424e-05	-5.1011341810332286e-05	1.5389427448357583e-06	1.5298027641237306e-06
12.71847	12.70736	-1.7346938775510203	-1.3848153360547697	-1.3811394942922277	0.00019068906514330223	0.00018185415717993864	-0.37454187037253517	-0.3695580220893079	0.00020846747396533076	0.00019781199847407333	-3.756312008550147e-05	-3.706328573756974e-05	1.1265978778011144e-06	1.1115923943620304e-06
12.71708	12.70736	-1.5306122448979593	-1.3000300961546332	-1.298019720269906	0.00020068975400880512	0.00019715719809618764	-0.25432682845239296	-0.2501762748716273	0.00022792694379951279	0.00022219762092707981	-2.5506652136434957e-05	-2.5090389617052182e-05	7.652085213351087e-07	7.52714505789905e-07
12.71708	12.70736	-1.3265306122448979	-1.1969615235775812	-1.1930616481649332	0.00023123346308981656	0.0002408038067243948	-0.15742811826963465	-0.15371377081313795	0.00024664093830468987	0.00025660508206648016	-1.578859876337726e-05	-1.5416083724113725e-05	4.740978438807216e-07	4.6299730123044723e-07
12.71708	12.70736	-1.1224489795918364	-1.0640922186383832	-1.0613429478189909	0.00025457942740604724	0.0002589164095766682	-0.08357464613348181	-0.08228877164422244	0.0002818587269742257	0.0002832160627826559	-8.381771751427321e-06	-8.252810314333812e-06	2.5292847527672297e-07	2.491014017900647e-07
12.71569	12.70736	-0.9183673469387754	-0.9014080941189645	-0.8980512571697328	0.0002901761860396996	0.0002934325141892313	-0.039254013236546315	-0.03817327741766596	0.00030567624775771826	0.00030986405989376673	-3.9368180961334184e-06	-3.828430189315612e-06	1.2196878460713263e-07	1.189347611387946e-07
12.71569	12.70736	-0.7142857142857144	-0.7202134245487802	-0.7128208398110145	0.00030838848405013113	0.0003165699735437701	-0.01832612439293454	-0.01800772786523286	0.00032227983177832565	0.00032704274599727035	-1.8379424724635986e-06	-1.8060102161501213e-06	6.38927277518001e-08	6.331472839370028e-08
12.7143	12.70736	-0.5102040816326525	-0.5231247886025742	-0.5200383345514255	0.0003151199308950552	0.00031359914992805295	-0.009929497639399687	-0.009683423516982259	0.00033730906997165357	0.00034090341714264127	-9.95837693250395e-07	-9.711587119629184e-07	4.512371696445988e-08	4.491122348492961e-08
12.7143	12.70875	-0.3061224489795915	-0.3220158554419156	-0.31924522665086835	0.0003072690009760102	0.0003109653440393992	-0.007007052173838013	-0.006238802698934121	0.000334846227023644	0.00033637965744458926	-7.027431725842958e-07	-6.25694784769243e-07	3.964629066614416e-08	3.860236459865961e-08
12.7143	12.70875	-0.1020408163265305	-0.12091010317427493	-0.11304809749753526	0.00030185084883120806	0.00030139788888164533	-0.006201959199812451	-0.0061901331922509595	0.00033362673124062643	0.00033441645895005074	-6.219997191668289e-07	-6.208136788938882e-07	3.830724015437917e-08	3.83591662058419e-08
12.7143	12.70875	0.1020408163265305	0.08306897788622374	0.0880544737501406	0.00030691409226751615	0.0003014435485152657	-0.006365252420529885	-0.004472600233762364	0.0003350408992003432	0.00033349350207533413	-6.383765340015932e-07	-4.4856084984077464e-07	3.867190875596748e-08	3.6049781641340513e-08
12.7143	12.70736	0.3061224489795915	0.2673741860942162	0.2740619577000065	0.00027618800903943664	0.0002740169625860028	0.009569234388027065	0.011927203783277971	0.00030038028351222427	0.00030271514892196005	9.597065879076385e-07	1.196189327377191e-06	4.166235665778118e-08	4.6993251365565874e-08
12.71292	12.70736	0.5102040816326534	0.3829471693924698	0.3853478969237386	0.00022967069573985444	0.00022240194654563262	0.10465170789928331	0.10744224447494592	0.00027543182737386557	0.0002602522338660684	1.0495608053282852e-05	1.077547332012295e-05	3.159412943597196e-07	3.2417617193505107e-07
12.71292	12.70736	0.7142857142857144	0.43459983418526704	0.4368601437745111	0.00022792132115588725	0.00022572165185258088	0.253975663737117	0.2617145698645503	0.00028107635641128824	0.000274581376454403	2.5471433530951458e-05	2.624757495382111e-05	7.643309192427484e-07	7.87566630794705e-07
12.71292	12.70736	0.9183673469387754	0.4640183943945994	0.46573430292584334	0.00022039429006725773	0.00023366846250925117	0.42840762314806613	0.4323580404465811	0.00026375704826355124	0.00028222246245398244	4.296536186421283e-05	4.336155254704454e-05	1.2886722030854492e-06	1.3005892624711111e-06
12.71292	12.70736	1.1224489795918373	0.4849555692546472	0.4868373428828764	0.00024024831503524898	0.00023981346802703864	0.6124729624854502	0.6156746881428081	0.00029127817094218105	0.0002905640880192008	6.142542999553206e-05	6.174653376219117e-05	1.84219367982022e-06	1.8518202735474865e-06
12.71292	12.70736	1.3265306122448983	0.5013875739916103	0.5042345461707001	0.0002413958336387127	0.0002331937073094875	0.8001462094065379	0.8055253268743473	0.0002867819668692317	0.00028148667256004174	8.024733822149613e-05	8.078681444933781e-05	2.406545774071942e-06	2.4227156331929075e-06
12.71292	12.70736	1.5306122448979593	0.5148003801908145	0.5156028946151199	0.0002502750911329494	0.00025040080194366313	0.9938804075571402	0.9992704415222988	0.0002991475450231326	0.0003071152825137436	9.967710435835325e-05	0.00010021767541092156	2.9891641248478664e-06	3.0053814797739923e-06
12.71292	12.70736	1.7346938775510203	0.5250649304831181	0.523638036206607	0.00026408673893887793	0.00023927281962871563	1.188310531487681	1.1957132996550193	0.0003188101200871526	0.0002810094664780452	0.0001191766654786562	0.00011991909534199371	3.5738891907712016e-06	3.596119812985877e-06
12.71292	12.70736	1.9387755102040813	0.5336880979325049	0.5336240235733307	0.0002532108635934704	0.00025228622484963485	1.3823590319163848	1.3874852496988865	0.0003033579074048803	0.0003057550749818674	0.0001386379532560811	0.00013915206596117605	4.157442384895824e-06	4.1728604116294445e-06
12.71292	12.70736	2.1428571428571432	0.5403663266865198	0.541476032362711	0.00024681966582761793	0.0002536949200347668	1.5808023409265695	1.5856301761153466	0.00029737347072546027	0.0003046424015191158	0.00015854000009292644	0.00015902418775602713	4.754226533625258e-06	4.768750180902971e-06
12.71292	12.70736	2.3469387755102042	0.5496020589399632	0.5477952654229542	0.000254803662975185	0.00024132974271602752	1.7750860069807746	1.783210175428286	0.0003050543318071706	0.00028305696434621774	0.00017802487282928236	0.00017883965253518062	5.338512796282418e-06	5.362933033472667e-06
12.71292	12.70736	2.5510204081632653	0.5542494669676243	0.5538913758431442	0.0002518669131607865	0.0002621955179515814	1.975452443930645	1.9848470229414183	0.0003065654728751767	0.00031738840563747347	0.00019811979178925332	0.00019906198204206382	5.941090262070702e-06	5.969348998367803e-06
12.71292	12.70736	2.755102040816327	0.5585046957758766	0.5591640663481696	0.00025219863718590395	0.00026129287525342	2.172874603531491	2.1820463040363007	0.00030388549985524123	0.0003131544399616313	0.00021791942669055172	0.00021883926427001312	6.534812677965034e-06	6.562399896981773e-06
12.71292	12.70736	2.959183673469388	0.5642967978633834	0.5639905154613553	0.00025941799695737333	0.0002541807779633015	2.3736040174613584	2.382644719156843	0.000316954692185553	0.0003101758003365775	0.00023805074891799802	0.0002389574485163818	7.138489582659557e-06	7.165675497008556e-06
12.71292	12.70875	3.163265306122449	0.567664086585978	0.5675936507220101	0.0002505553362904376	0.000262519175764083	2.57062363197111	2.5801296505228275	0.00030277763350761735	0.00031701785068605703	0.0002578100122325855	0.0002587633788509505	7.730998724799602e-06	7.759592794123101e-06
12.71292	12.70875	3.36734693877551	0.5724091916927707	0.5719865795320169	0.0002648182400044356	0.0002618075831126885	2.7718097199931697	2.7787271576760504	0.0003135530610965203	0.00031563459197397295	0.00027798713468991774	0.0002786808903496189	8.336049011178043e-06	8.356853276415697e-06
12.71292	12.71014	3.571428571428571	0.5768202944768769	0.5753893067984492	0.0002568915148913219	0.00026653836587885415	2.9757576887102886	2.979618953685491	0.0003111878460286057	0.00032249294301315055	0.00029844124849165465	0.0002988284980127862	8.949400852887486e-06	8.961017239617175e-06
12.71292	12.71014	3.775510204081632	0.5798644870750768	0.579617279913796	0.00026249623478660376	0.0002545772283134144	3.1726030917395276	3.1791302656159366	0.00031834025124596866	0.0003081589531603635	0.0003181830399899235	0.00031883765576330725	9.541396205002362e-06	9.561022678631063e-06
12.71292	12.71014	3.979591836734695	0.5829254933956433	0.5828786876279742	0.00025542074544966875	0.00025920910891246953	3.37513828366685	3.380754380646193	0.0003088996511624749	0.00030992454381476367	0.0003384954652158109	0.00033905870831874366	1.0150497993069722e-05	1.0167388177877269e-05
12.71292	12.71153	4.183673469387756	0.5863036883165297	0.5869339756928105	0.00026271628449600024	0.00026527629305118683	3.5764126080560965	3.5812031429169227	0.0003159433078927691	0.0003227419381741405	0.0003586814369728309	0.00035916188375458057	1.0755813362192908e-05	1.0770222466809448e-05
12.71292	12.71014	4.387755102040817	0.589304705272883	0.5907156999504936	0.0002548210575912787	0.00026142545123565575	3.7799416592082267	3.7819939658116692	0.0003107949674138139	0.0003193399239044177	0.0003790935371786407	0.00037929936473890974	1.1367906298734327e-05	1.1374080799595257e-05
12.71153	12.71153	4.591836734693878	0.5916977122216848	0.5930900702036053	0.0002555255373025652	0.0002647869641496609	3.977534846108701	3.9833206040864915	0.0003121458992460758	0.00032731032584727915	0.0003989103245520711	0.0003994905830996381	1.1962149783400057e-05	1.197955398591191e-05
12.71153	12.71153	4.795918367346939	0.5936885478348681	0.5948518756526604	0.00026801087104241046	0.0002621589139513143	4.182266985168093	4.185209443372364	0.00032549453276771846	0.0003174429849919354	0.00041944308345883997	0.00041973818507395086	1.2577866246418777e-05	1.2586713349240115e-05
12.71153	12.71153	5.0	0.5952036005475712	0.5963782889784737	0.00026160894439892346	0.00026924302690342606	4.3796718620197455	4.3841717443840915	0.00031944233504277734	0.0003281853675710084	0.0004392409850586446	0.0004396922820563726	1.317154177343366e-05	1.3185076919170928e-05
