# IV Measurement - T = 66.00 C - Pull number 0
#  - T Go Leg
65.23116	65.53527	-5.0	-1.8333250155741982	-1.8319067553713273	0.00015987831310491625	0.00017146217494712742	-3.192734092424434	-3.1887604775113836	0.00018001670143712157	0.00019820351890982685	-0.0003202019950280247	-0.00031980347783686525	9.601902091285026e-06	9.5899553997528e-06
65.24157	65.53527	-4.795918367346939	-1.8171833876846448	-1.815636070801995	0.00016708413203863994	0.00015619367714286313	-3.0063289785611067	-3.003506602126186	0.00018940463292414436	0.00018525262589659059	-0.00030150726893602515	-0.00030122421042284484	9.041307028301012e-06	9.032818116032796e-06
65.24157	65.53527	-4.591836734693878	-1.7997643713129174	-1.798104811472848	0.00015912527098790877	0.00017080014474063872	-2.81731481534138	-2.8149186382166156	0.00018973601666678544	0.00019682941973532328	-0.00028255087908348007	-0.0002823105644585915	8.47286389585677e-06	8.465659237432189e-06
65.24157	65.53527	-4.387755102040816	-1.7825784749296776	-1.7814015143640203	0.00016805812492020237	0.00016039011335508964	-2.632243334444747	-2.6278003114160264	0.00019785761274038958	0.00018887529881670483	-0.0002639899041665577	-0.00026354430963955737	7.916280144982788e-06	7.902915950227847e-06
65.24157	65.53527	-4.183673469387755	-1.7663800439167747	-1.7641592692896062	0.00014755397408936215	0.00016829779188559272	-2.4491877766110886	-2.4439141855737847	0.00017643140060476464	0.00019594694353427226	-0.0002456311078739433	-0.0002451022149808229	7.365751997963486e-06	7.349897125155821e-06
65.24157	65.53527	-3.979591836734694	-1.7448439376898912	-1.7444558588006747	0.0001658448304602583	0.0001658664382916692	-2.2624078620695776	-2.260150870632015	0.00018797452413515847	0.00018305356424543024	-0.0002268987927058046	-0.00022667243713088103	6.804031635012541e-06	6.7972425941474736e-06
65.24157	65.53527	-3.7755102040816326	-1.724578403564003	-1.7226111980471188	0.0001732293866436966	0.00016531593127012875	-2.081001606706496	-2.075400065079413	0.00019789571500598914	0.0001861189427733444	-0.00020870540634906185	-0.00020814362301468389	6.258472599208973e-06	6.241622864618352e-06
65.24157	65.5142	-3.571428571428571	-1.7003825482287056	-1.698444423670663	0.00018082127117015578	0.00015798406537598168	-1.8965873919922434	-1.896962647521912	0.00020737856489073817	0.00018421852250109804	-0.00019021034921193897	-0.0001902479839055172	5.703868468627567e-06	5.704989016300658e-06
65.24157	65.5142	-3.36734693877551	-1.6755904873867895	-1.6734515110786041	0.00016695632655909374	0.00018020058261398257	-1.719147930714387	-1.7135791404492207	0.00019251980678601944	0.00019949078638802556	-0.00017241479597978007	-0.0001718562973071127	5.170232020561561e-06	5.1534871258983094e-06
65.24157	65.50366	-3.163265306122449	-1.648304542535481	-1.6462150967127427	0.00017395371645415457	0.00016934293164378375	-1.5441301164517824	-1.5376811796114431	0.00020021422942314394	0.0001926782347547225	-0.00015486211176930924	-0.00015421534245426167	4.643887701642458e-06	4.624490016805254e-06
65.24157	65.50366	-2.9591836734693877	-1.619230435589245	-1.6178012691880899	0.00017757735408970016	0.00019183446120371765	-1.3674993856963125	-1.3635949087716777	0.00020585989960511907	0.00020884116027586702	-0.000137147666803361	-0.00013675608351937396	4.11269372072253e-06	4.100952992127085e-06
65.24157	65.5142	-2.7551020408163263	-1.586866292158315	-1.5831699987497456	0.00019343408435840468	0.0001668210995844179	-1.1937920092272625	-1.1889755476528265	0.00021219096006104126	0.00019058394702728868	-0.00011972640750448927	-0.00011924336051076387	3.5902943246256527e-06	3.575797228325223e-06
65.24157	65.50366	-2.5510204081632653	-1.551793323868739	-1.548325152819393	0.00019370927618353052	0.00016156042380116923	-1.026354811510087	-1.023513786012502	0.00021705106839229555	0.0001950321877386193	-0.00010293398972120018	-0.00010264906087779582	3.086754415182268e-06	3.078195653437549e-06
65.25201	65.50366	-2.3469387755102042	-1.5122565352191508	-1.5098403578725872	0.00017928286440349408	0.00018533549315435417	-0.8637900225553399	-0.8587374911388856	0.00020726703806579853	0.0002124588139868822	-8.663022992230868e-05	-8.61235072850151e-05	2.5978605949057003e-06	2.582670254962613e-06
65.25201	65.50366	-2.142857142857143	-1.465616632649177	-1.4625038191816733	0.00020744093201401328	0.00020927457413198226	-0.7057774243114207	-0.7019966679976317	0.0002271271004930714	0.00023395117116423403	-7.078301316933313e-05	-7.040383792975947e-05	2.1226897636196756e-06	2.1113276030010756e-06
65.25201	65.50366	-1.9387755102040813	-1.4106798395618136	-1.408536771596804	0.00021905523381061866	0.00022077208107074148	-0.5564957709438232	-0.5513035994218419	0.0002383663904485745	0.00023696109476220286	-5.581143024208436e-05	-5.52907029808286e-05	1.6737859764919126e-06	1.6581705296188181e-06
65.25201	65.49313	-1.7346938775510203	-1.3443347106115926	-1.341846732484775	0.0002130024691851594	0.00020167141884738822	-0.41437353909227753	-0.41074061071424195	0.00023882135427885946	0.00022689945892046998	-4.1557871737265824e-05	-4.119352228605375e-05	1.2464244795748442e-06	1.2354781807877956e-06
65.24157	65.48261	-1.5306122448979593	-1.2697553985011598	-1.2648766924652926	0.00021467113438295053	0.0002180369356675305	-0.2892583422433036	-0.28452830399508633	0.00023753096768920588	0.00024176326267026825	-2.9009963117370734e-05	-2.8535583591925216e-05	8.702467830658847e-07	8.560389188508595e-07
65.24157	65.47208	-1.3265306122448979	-1.1715450821014186	-1.166460522354834	0.0002571001288103713	0.00024398873716317934	-0.1827176118079349	-0.18122568679399043	0.000274241395849567	0.0002571520148312559	-1.832490340065539e-05	-1.8175276982648722e-05	5.501960654214128e-07	5.456311838371914e-07
65.25201	65.45104	-1.1224489795918364	-1.0456666511323416	-1.0425338455899873	0.0002612959495184803	0.00024261810441272939	-0.10091691094977961	-0.10095966622977076	0.0002846724178495298	0.0002638835286330389	-1.0121042117117602e-05	-1.0125330080209685e-05	3.0483919389383195e-07	3.0477909600513557e-07
65.26246	65.45104	-0.9183673469387754	-0.8915511629878172	-0.8848343081148521	0.00026758670182531764	0.0002746249663687885	-0.05286464334273317	-0.051435489300063586	0.0002901145607111414	0.000296342992943926	-5.3018396693143284e-06	-5.158508604960745e-06	1.6162653446537094e-07	1.5751725481777266e-07
65.2729	65.45104	-0.7142857142857144	-0.7111944529955929	-0.7055309551245111	0.0002772645142816322	0.00028346422866318586	-0.027769375002946295	-0.027093915052358586	0.00029885778943406876	0.0002973996408773884	-2.7850140410135686e-06	-2.7172715928551383e-06	8.872975501830561e-08	8.677010722570187e-08
65.28335	65.45104	-0.5102040816326525	-0.5196002688724544	-0.5136668426243673	0.00028354900069417846	0.0002769757778651721	-0.01732499061212378	-0.01696929138471998	0.0003094303347125552	0.00030304722824071254	-1.7375379211838111e-06	-1.7018645456543956e-06	6.064504880209635e-08	5.939839628261545e-08
65.28335	65.45104	-0.3061224489795915	-0.32021224293093237	-0.31584658260818477	0.00027300136504272563	0.00028537041855328395	-0.012205593017821635	-0.012132360447734192	0.0003011987518998804	0.0003100536409754199	-1.2241092185158596e-06	-1.216764662294072e-06	4.753860294053177e-08	4.793995608944472e-08
65.28335	65.45104	-0.1020408163265305	-0.11599867859081292	-0.11322305108625813	0.0002805227304822723	0.00027753158765092155	-0.009780305154934638	-0.011372753149786228	0.0003188880524749878	0.00031666030036617087	-9.808750531475917e-07	-1.1405830056951388e-06	4.345079361313627e-08	4.66733104800745e-08
65.28335	65.45104	0.1020408163265305	0.08572963580800133	0.09218065213182366	0.0002878114551808952	0.0002852292236340101	-0.007042531859481124	-0.00816920813388771	0.0003189737902092176	0.0003181446080641324	-7.06301460182642e-07	-8.192967740334682e-07	3.8366067619607796e-08	4.0269760141660654e-08
65.28335	65.45104	0.3061224489795915	0.25230091108466723	0.2540068222712933	0.00025569573175581584	0.00026726479987703697	0.02923626227389242	0.0320891139365832	0.00029112543400593773	0.00030886902231826114	2.9321294026569473e-06	3.2182443021345105e-06	9.264662936253791e-08	1.0135504218057754e-07
65.28335	65.45104	0.5102040816326534	0.33725928704838504	0.33885522739841906	0.0002539142879017679	0.00025212717163573605	0.15118885360662132	0.15407263367377905	0.0003013271638818236	0.00029852289621923295	1.516285764784087e-05	1.545207438308886e-05	4.556912141750156e-07	4.6432699031207967e-07
65.28335	65.44054	0.7142857142857144	0.37704328172154083	0.3775985879801973	0.00024086060378292304	0.0002592735117607444	0.30961582431301815	0.31716778377689236	0.00028921931504391783	0.00031576721203371567	3.105163216457909e-05	3.1809024548880994e-05	9.315957935035456e-07	9.543815787355528e-07
65.28335	65.43003	0.9183673469387754	0.40324905751266416	0.40255378737126846	0.00024938614091205084	0.00026662128310942765	0.48866183490594395	0.49512032447144116	0.0003008569751288408	0.00031886118510446895	4.900830758258389e-05	4.965603494849475e-05	1.4699199833203994e-06	1.4893769958858035e-06
65.28335	65.41953	1.1224489795918373	0.42142287369117004	0.42183549228415695	0.000256161702037867	0.00025062020135729906	0.670084465544921	0.6812438822119543	0.0003105731400615364	0.0002991929755126667	6.720333622955781e-05	6.832252353945986e-05	2.0154645998249424e-06	2.0490046532178302e-06
65.2938	65.40902	1.3265306122448983	0.4359203921954801	0.4364261671412626	0.00025449236599761035	0.0002512626044458817	0.8656835668166938	0.869714036323085	0.00030097847579047454	0.00029594753213528876	8.682013507338219e-05	8.722435425966151e-05	2.6036470908337886e-06	2.6157618116008133e-06
65.2938	65.40902	1.5306122448979593	0.44877243831316793	0.4472042176031385	0.0002655186148901244	0.00025321051103336165	1.0576169907190538	1.0610834420057762	0.00032041325348753134	0.000299507800749485	0.00010606930004202727	0.0001064169533653371	3.180858412991448e-06	3.191262526548204e-06
65.31471	65.40902	1.7346938775510203	0.456076409913254	0.45660308840603	0.0002723644925093443	0.0002579064088395259	1.2515840719764009	1.253271129864736	0.000322132309525501	0.00031008966730100974	0.00012552242222208413	0.0001256916186806475	3.764174772666933e-06	3.7692381153435694e-06
65.32516	65.40902	1.9387755102040813	0.4666504235823549	0.4655511696795268	0.00025908471981658327	0.00026915819224057754	1.4475361412071885	1.4516025467336031	0.00030738035733831085	0.00032172188565209975	0.00014517462052022752	0.00014558244376026508	4.35345500463829e-06	4.365694472337067e-06
65.32516	65.40902	2.1428571428571432	0.4729555694698045	0.4730859894243773	0.00026719277648729013	0.00027846930200550914	1.6443310554277395	1.6498611848124631	0.000324971757207359	0.0003351897664361791	0.00016491134845328847	0.0001654659697936479	4.9452977688002025e-06	4.961935654871149e-06
65.32516	65.39854	2.3469387755102042	0.478614977532869	0.4805353772826087	0.00027014239535328344	0.0002631194963739009	1.8425564930201384	1.846878981861565	0.00032216853022500004	0.000312985935317721	0.0001847915447818813	0.00018522505083357386	5.541431264224195e-06	5.554425292566889e-06
65.32516	65.39854	2.5510204081632653	0.48508644294479303	0.484704271578885	0.0002753644722776359	0.0002682853668291677	2.041830369836331	2.046536301600342	0.0003333600281795242	0.0003231326875930493	0.00020477688996453023	0.0002052488518303422	6.140727869731367e-06	6.154874876953129e-06
65.32516	65.39854	2.755102040816327	0.4892144389982411	0.48973793651624764	0.0002691153090028897	0.00028447692971555517	2.242233652081679	2.2447221648093905	0.0003236120551690739	0.00034267937991172033	0.00022487550417026167	0.00022512507921064993	6.743411343568808e-06	6.7509047185061085e-06
65.32516	65.39854	2.959183673469388	0.49472933993446355	0.49419539064260193	0.0002735977934648694	0.00027218731670428233	2.437755881493066	2.4476571692368436	0.00032790368570509724	0.00032821311910780684	0.0002444845934703707	0.00024547760196939563	7.331424016801403e-06	7.361201165464722e-06
65.32516	65.39854	3.163265306122449	0.5001097310917537	0.49868647221366474	0.0002757568070385558	0.0002678849917637478	2.636955618736769	2.6450238400425903	0.00033137487190262855	0.00031923577624952713	0.0002644625031327619	0.00026527167185263166	7.930496718114652e-06	7.954756024379406e-06
65.32516	65.38805	3.36734693877551	0.5023405030673567	0.5027694832979024	0.00027021225904677604	0.0002783844377752133	2.839701405765429	2.8481307815190693	0.00032415032511699934	0.0003374611531769596	0.000284796049118988	0.00028564143832304377	8.540230232217198e-06	8.565585873822667e-06
65.32516	65.37757	3.571428571428571	0.5058200347473712	0.5074455127177788	0.00027728402062556987	0.0002770451871155612	3.040810622690291	3.045941389198898	0.0003339154457723657	0.00032984529477256416	0.00030496546210914563	0.00030548003100981826	9.145049098644988e-06	9.160477870339442e-06
65.32516	65.36709	3.775510204081632	0.5101311640471359	0.5105074278882029	0.0002642479854036407	0.000277061866933517	3.2394372388470773	3.2460417378897484	0.00031365579714962905	0.0003314182613468613	0.0003248858929743333	0.00032554826375386103	9.742391773717598e-06	9.762260060671193e-06
65.32516	65.36709	3.979591836734695	0.5134911819708693	0.5130367570420441	0.00027339164749938847	0.0002725242539772017	3.443966514221497	3.4491336691450583	0.00032509569748189593	0.00032520156532614685	0.0003453983065110317	0.00034591652483653175	1.035749727495841e-05	1.0373037024791973e-05
65.32516	65.36709	4.183673469387756	0.5174151412312749	0.5162595386372724	0.0002845562415027939	0.00027213898293938375	3.639887653454805	3.64902023589805	0.0003420162188891167	0.000324288871515006	0.00036504740281364005	0.00036596331720971316	1.0946716406540827e-05	1.0974176349414298e-05
65.32516	65.36709	4.387755102040817	0.5205011409229267	0.5200226314728738	0.00027078388875144773	0.00028347532624092245	3.8405074467691325	3.8486616357052847	0.0003297032986491494	0.0003458739964715762	0.0003851677310970948	0.0003859855215831195	1.1550057521465953e-05	1.157458522025927e-05
65.33564	65.36709	4.591836734693878	0.5220984445477472	0.5225515062017859	0.00028764591388901183	0.00028002139902535213	4.04410517887737	4.052847948540356	0.00034677110462318447	0.00033563413428809943	0.00040558671937392137	0.00040646353911747633	1.2162363342228798e-05	1.2188653259679457e-05
65.34612	65.36709	4.795918367346939	0.5239752195037952	0.5262178065275475	0.0002825165571935049	0.0002796298095796047	4.248648551149127	4.2513490263939495	0.00033887942167629874	0.00033955346448049555	0.00042610054670034374	0.00042637137964035197	1.2777506183108265e-05	1.278562779140166e-05
65.35661	65.36709	5.0	0.5276442463791299	0.5279418947075104	0.00027316625184755885	0.00026881035369743134	4.447283356427679	4.450648375099331	0.0003243051587487588	0.00032524452116473656	0.00044602179885946036	0.00044635927942025187	1.3374878365247701e-05	1.3384998581419462e-05
