# IV Measurement - T = 11.50 C - Pull number 2
# Td_go[C]	Td_return[C]	Vcc	Vd_go[V]	Vd_return[V]	ErrVd_go[V]	ErrVd_return[V]	Vr_go[V]	Vr_return[V]	ErrVr_go[V]	ErrVr_return[V]	Id_go[A]	Id_return[A]	ErrId_go[A]	ErrId_return[A]
#  - T Return Leg
11.40864	11.44866	-1.0	-0.9543395098284163	-0.9549270812613887	0.0005508697528733814	0.0006555874678597382	-0.06866949649625341	-0.06944729887976564	0.0005541422490828561	0.0006604887466745132	-6.886921722620942e-06	-6.964928179697687e-06	2.1386503081576946e-07	2.191098557437752e-07
11.40864	11.44732	-0.9393939393939394	-0.8982139412149834	-0.8973182696785448	0.0006588084208648424	0.0006516063727621231	-0.06424739436039295	-0.06547459199694705	0.000668983261150889	0.0006570285133423901	-6.443425369611167e-06	-6.5665020556561076e-06	2.045359213290082e-07	2.076423436545715e-07
11.40864	11.44866	-0.8787878787878788	-0.8408964160158386	-0.8409736684095733	0.0006138701053345281	0.0006638319328171225	-0.060578987289467985	-0.05987987151203622	0.0006166807688580284	0.0006727015911269904	-6.075517730364856e-06	-6.0054028193798234e-06	1.923979223196428e-07	1.923065416355076e-07
11.40997	11.44866	-0.8181818181818181	-0.7866989726104077	-0.7860155175174546	0.0006012870179170395	0.0005949162103216352	-0.0561823578179963	-0.05592900363339348	0.0006050899049237471	0.0006001500644868009	-5.634576052351449e-06	-5.609166947487061e-06	1.7953116322578373e-07	1.7864673004471558e-07
11.40997	11.44866	-0.7575757575757576	-0.729764982127757	-0.7302975681524146	0.0006308088895970492	0.0005870501686225168	-0.052149155541391656	-0.05197176201005804	0.0006374720687643667	0.0005849858407913417	-5.2300827942424684e-06	-5.2122918473631576e-06	1.693646211461282e-07	1.6694897043904914e-07
11.40997	11.44999	-0.696969696969697	-0.6719275948297669	-0.6701862385593437	0.0006115130298108326	0.0005779912705920381	-0.04776571668634312	-0.046687254879653736	0.0006142474847032131	0.0005817217400581159	-4.790464014275712e-06	-4.682304170058543e-06	1.5630329998100565e-07	1.520465163947079e-07
11.40997	11.44999	-0.6363636363636364	-0.6130363961113028	-0.6133185941163014	0.0005564885887621743	0.0005634044947271695	-0.04373251267579947	-0.04383303874802922	0.0005640290343168879	0.000571887855214766	-4.385970582268526e-06	-4.39605242684076e-06	1.4317066279948274e-07	1.4376106646498426e-07
11.40997	11.44999	-0.5757575757575757	-0.5598450495290164	-0.559012088572118	0.0006178685294836945	0.0006640519377023391	-0.041922194191818085	-0.04089695060436316	0.000624650032117697	0.0006683604922083331	-4.20441221460416e-06	-4.10158967048071e-06	1.407840721790047e-07	1.4007375313847733e-07
11.40997	11.44999	-0.5151515151515151	-0.5025252522194313	-0.5022180609788549	0.0006424527604938211	0.000563958619598931	-0.037870796884887634	-0.03749508653557374	0.0006503276387925694	0.0005648020487272446	-3.7980941615572795e-06	-3.7604138537332004e-06	1.312462660878754e-07	1.2619103812216563e-07
11.40997	11.44866	-0.4545454545454546	-0.44350954110492014	-0.44374447879382367	0.000559771178823655	0.000588405409155694	-0.034558540226032775	-0.03263905133144984	0.0005648176887937954	0.0005943943320985839	-3.465905147531118e-06	-3.273397987308178e-06	1.1836649781157376e-07	1.1484279701622007e-07
11.40997	11.44866	-0.3939393939393939	-0.3853422413983502	-0.3851054860284922	0.0005620419378477376	0.0006581118561364405	-0.031485539876396025	-0.028885132851401665	0.0005691391980931941	0.0006626903674671419	-3.1577113505562154e-06	-2.896914336716645e-06	1.1056352064577476e-07	1.0937781129040234e-07
11.40997	11.44732	-0.33333333333333326	-0.3292293967620867	-0.33024730859186086	0.0005640346568135667	0.0006330461776969324	-0.02764974601282474	-0.026014995667671348	0.0005745168973471823	0.0006392337035431746	-2.7730163486936857e-06	-2.609065857754623e-06	1.0116604151635724e-07	1.0114929055987056e-07
11.40997	11.44732	-0.2727272727272727	-0.27111708244298793	-0.2720023022021428	0.0005746657582866796	0.0006428977901616048	-0.023950409423562358	-0.021482365207893872	0.0005805782999227426	0.0006468792189879437	-2.402006761965937e-06	-2.1544845259145393e-06	9.262023286195911e-08	9.155815829308887e-08
11.40997	11.44732	-0.21212121212121215	-0.21519918606193242	-0.2135259934832474	0.0006294771958810817	0.0006105047198522244	-0.020864217068674806	-0.01971115918110669	0.0006325617501187002	0.00061597523140892	-2.092489927657688e-06	-1.976848779571426e-06	8.922942941669318e-08	8.561798430212112e-08
11.40997	11.44732	-0.1515151515151515	-0.1560412399908583	-0.15583084124744112	0.0006460657269713573	0.0005983220378508146	-0.015965881553838462	-0.016334769105968816	0.0006538019909601543	0.0006032058439193879	-1.6012317273932867e-06	-1.6382277711331679e-06	8.127124148410784e-08	7.792997497880596e-08
11.4113	11.44866	-0.09090909090909083	-0.10110581026787456	-0.09957167171778804	0.0006676305050361438	0.0005787519919970589	-0.014090967643965543	-0.01352922139706836	0.0006782750430273432	0.0005847179711282064	-1.4131950299835064e-06	-1.3568570250795668e-06	8.01449711419381e-08	7.137494353953547e-08
11.41264	11.44866	-0.030303030303030276	-0.04235593801491327	-0.04120578854761137	0.0005988705483567073	0.0005465790457114269	-0.010089605225259677	-0.011334545222814393	0.0006080541489144902	0.000553905582248224	-1.011895018078395e-06	-1.1367511004728105e-06	6.811441855873483e-08	6.517636717408925e-08
11.41397	11.44866	0.030303030303030276	0.013312479683029177	0.014020018664017773	0.000560655344706655	0.0006197434130648049	-0.006446215585794903	-0.005980444821906614	0.0005639572926136477	0.0006276375703536968	-6.464963981340791e-07	-5.99783855371238e-07	5.978997037366504e-08	6.546542676617257e-08
11.41531	11.44999	0.09090909090909083	0.07054093712306655	0.07059365035715771	0.0005911144877847652	0.0005137289785460628	-0.00032386597259594085	0.00013917662981133283	0.0006013027824774673	0.000513928381054597	-3.2480791555103883e-08	1.3958141591749357e-08	6.031302834085396e-08	5.1544010298711626e-08
11.41531	11.44866	0.1515151515151516	0.11995919359448065	0.12210407929694944	0.0005221854379887726	0.0005686753987199496	0.009290408111716162	0.008691819768841876	0.0005305606189335458	0.0005761684663328297	9.317428654815126e-07	8.717099356977109e-07	6.009987521819215e-08	6.342188466184592e-08
11.41531	11.44866	0.21212121212121215	0.16212437409908637	0.16271785303992198	0.0005541653162009393	0.0005330111143773147	0.02727492820946137	0.028751388159106633	0.000559632693204547	0.0005356701759843686	2.735425555055799e-06	2.883500968719951e-06	9.939103259925433e-08	1.0179763234683723e-07
11.41531	11.44732	0.2727272727272727	0.18493514209971934	0.18877957722081762	0.00041844341683966327	0.0005217482293684143	0.06335449629063034	0.060811400382407205	0.0004220483651770466	0.0005268351987658187	6.353875869083375e-06	6.098826635483623e-06	1.9517841736282562e-07	1.9036477819496463e-07
11.41531	11.44732	0.3333333333333335	0.2061872322429219	0.20352839196748704	0.0004189292721783503	0.00039441642551157246	0.10365875903003531	0.10795213716002948	0.0004211636298297652	0.00039251296978786066	1.0396024373687224e-05	1.0826610887576921e-05	3.1459368128758725e-07	3.270350410718513e-07
11.41531	11.44732	0.39393939393939403	0.21673079990129282	0.21708297949533684	0.00035527001773245985	0.00045781959221346895	0.15290456571194314	0.15486772054053835	0.00035807358612991065	0.0004635688626483563	1.5334927861994095e-05	1.5531814315568986e-05	4.612480123943019e-07	4.680665960387536e-07
11.41531	11.44732	0.4545454545454546	0.22650457124239406	0.22708123650514422	0.0004263743186935328	0.0002797740953953359	0.20356951951220292	0.20353176653157456	0.0004331110268880717	0.0002808196693449596	2.041615881177444e-05	2.041237253350462e-05	6.137575837860494e-07	6.127526212351296e-07
11.41531	11.44732	0.5151515151515151	0.23288515169609958	0.23298876057819579	0.0002826621535693056	0.00029166999367844507	0.25897042739794396	0.2585437732329753	0.00028065852948919135	0.0002888155120049694	2.5972362591309193e-05	2.5929573085244738e-05	7.793407227430183e-07	7.7808845845377e-07
11.41531	11.44732	0.5757575757575757	0.2389067364279622	0.2389390005979088	0.0003346023982541724	0.0002890577742338674	0.3142940097301309	0.3139637848657133	0.00033182754801877194	0.000285904057504043	3.1520811325858076e-05	3.14876927956788e-05	9.457990475487751e-07	9.446555244001894e-07
11.41531	11.44732	0.6363636363636365	0.24516825752061802	0.24383270265642729	0.00020874338269780807	0.00029179145838021867	0.3687424474324295	0.37043178102155744	0.00020183804165761472	0.000287256171620231	3.698149106733823e-05	3.715091575785352e-05	1.1091473078364746e-06	1.1144155465153064e-06
11.41531	11.44732	0.696969696969697	0.247043213757419	0.24884319090457968	0.00022870695294018367	0.00028436119242810493	0.42551883785585315	0.4255474931166064	0.00022547731756025283	0.0002782184768883917	4.267564315072241e-05	4.267851701099252e-05	1.2799126775346012e-06	1.2801032142503057e-06
11.41531	11.44732	0.7575757575757576	0.2527048957455156	0.25157564901867974	0.00018774675378067167	0.0002470079490126788	0.4812708930552253	0.48314989975066636	0.00018395881694510948	0.00024300695127010716	4.826706379051502e-05	4.8455510956841476e-05	1.4475001967466688e-06	1.453237948096855e-06
11.41531	11.44732	0.8181818181818183	0.2556009450382133	0.2567379162101339	0.00021779937850191126	0.00018298958483765415	0.5394259480436054	0.5402610621668149	0.00021224213580186866	0.00017725221240296414	5.409948330594779e-05	5.418323760573813e-05	1.6224188009487327e-06	1.6248879420311503e-06
11.41531	11.44732	0.8787878787878789	0.2599779634077254	0.2596416915053269	0.0001710138420893318	0.00017867149494720712	0.5948946272121873	0.5971106828504769	0.00016507672235920032	0.00017560242834436577	5.966248392460007e-05	5.988473401368738e-05	1.7891732482850229e-06	1.7958476110552675e-06
11.41531	11.44732	0.9393939393939394	0.2622041936789721	0.26066914626940063	0.00020231768839365174	0.00022664457738623235	0.6551638498116286	0.65660164760466	0.00019558270626512155	0.0002204562598696238	6.570693509293236e-05	6.585113304630027e-05	1.970449011814783e-06	1.9747992104753977e-06
11.41531	11.44732	1.0	0.26465445289519757	0.265006632213298	0.0002118142359170208	0.00018398782973212186	0.7135163125793982	0.715322087671527	0.00020234239529231325	0.0001817592839032831	7.15591528010629e-05	7.174025550812627e-05	2.145937562510926e-06	2.1513495588360097e-06
11.41531	11.44732	1.0606060606060606	0.26732919802626265	0.26806218543645766	0.00018385761897158373	0.0001671154278644916	0.7700411666602449	0.7714011841610275	0.00017907751599747574	0.00016174293430779122	7.722807809249272e-05	7.736447539474752e-05	2.3159050980663093e-06	2.3199823090864777e-06
11.41531	11.44466	1.121212121212121	0.26938728852891186	0.27063968363275415	0.00019205297130993064	0.0001801162339986506	0.8277372737916479	0.8297181671858838	0.00018851652714836035	0.00017359305150533197	8.301446934025152e-05	8.321313480953603e-05	2.4894235491356176e-06	2.49536986067588e-06
11.41531	11.44466	1.1818181818181817	0.27066785797834136	0.2728236498406881	0.00017860912685382384	0.00019485847549678394	0.8868866413555859	0.8877713360417574	0.00017328641804499837	0.00018802278653022136	8.894660930253594e-05	8.903533607880428e-05	2.667295228195773e-06	2.669965847249901e-06
11.41531	11.44466	1.2424242424242427	0.27157352686149	0.27365797401001113	0.00018265433198326431	0.00017876089732627966	0.9490557951557741	0.9487842449038327	0.0001806888993456351	0.00017606601771278545	9.51816061734805e-05	9.515437216967533e-05	2.8542647517347825e-06	2.8534451964207705e-06
11.41664	11.44466	1.3030303030303032	0.27569152556650384	0.27536161306817675	0.00016648543246967603	0.000160722675319669	1.004290222018876	1.0059700035706383	0.00016319565345079487	0.00015885459659924033	0.00010072111343083703	0.00010088958013946829	3.0203645661303943e-06	3.025413972954541e-06
11.41664	11.44732	1.3636363636363638	0.2769730038657909	0.2770238962173086	0.00016558953813688166	0.00015994005768504713	1.062969726465988	1.064288350760182	0.00015832224926467462	0.00015271013348963313	0.00010660613042483082	0.0001067383763674839	3.196833435247868e-06	3.20079629784836e-06
11.41798	11.44732	1.4242424242424243	0.279450074152817	0.2780318139499536	0.00016950073670804093	0.00015935735117482235	1.121993554463359	1.1227217776187968	0.00016664065851578443	0.00015825576841672432	0.00011252567991809838	0.00011259871403257414	3.3743446965088326e-06	3.376530683343385e-06
11.41931	11.44732	1.4848484848484849	0.28096058224713105	0.2804929793644708	0.00015993073362780339	0.0001619160744263344	1.1809441516421677	1.1829141294573795	0.00015274336762571955	0.00015654898719199797	0.0001184378850308061	0.0001186354557674636	3.551625416681717e-06	3.5575515718085978e-06
11.41931	11.44599	1.5454545454545454	0.28046889484324306	0.2809769419136696	0.00017725686334293267	0.0001717062653684979	1.2388308425132917	1.238416014314684	0.00017169562874076226	0.00016824562067872941	0.0001242433900825686	0.00012420178661264508	3.725721633466523e-06	3.724472501493441e-06
11.42065	11.44599	1.606060606060606	0.28349991171853683	0.2825560685413372	0.00016769890766729005	0.000176092269872928	1.2982390239604749	1.298616553160483	0.00016591019188251185	0.00017252224860763975	0.00013020148670749924	0.00013023934942939353	3.9043825149092316e-06	3.905520774136216e-06
11.42065	11.44599	1.666666666666667	0.2843405952368337	0.2837889233732399	0.000165450464181737	0.00016494157599840565	1.3581807505184749	1.3582894609078286	0.00016312330685498648	0.00016284222554781855	0.00013621309302161015	0.0001362239956782498	4.084649632355266e-06	4.084976454486244e-06
11.42065	11.44732	1.7272727272727275	0.28650365789804166	0.28570023462387867	0.00015793826992912063	0.00016664777160900279	1.4161383987381235	1.4180442419639052	0.00016068201944709654	0.00016806342382876032	0.0001420257144457049	0.00014221685307029439	4.2589502169437845e-06	4.26468470424835e-06
11.42065	11.44599	1.787878787878788	0.28703578948969594	0.2880786947013498	0.00017259346533170616	0.00017012009784927925	1.4781269710085172	1.478713734201738	0.00017002092215677024	0.00016837198702457067	0.00014824260064271559	0.00014830144761826677	4.445377963669659e-06	4.447141961713593e-06
11.42065	11.44599	1.8484848484848486	0.2894147039920958	0.28962919255850134	0.0001737127840935583	0.00016144938950563692	1.5381801378696598	1.539078930962506	0.00016966789960651824	0.00015750544346409366	0.00015426538339882257	0.00015435552411618752	4.625981515309785e-06	4.628680219827725e-06
11.42065	11.44465	1.9090909090909092	0.28892392506896464	0.2897768806603695	0.00016643358385850507	0.00015952028624197082	1.5963192725636772	1.597068873912808	0.0001645757826998704	0.0001608522037055626	0.00016009620625450578	0.00016017138440605838	4.800827257058558e-06	4.803080339344192e-06
11.42065	11.44332	1.9696969696969697	0.29152187238705823	0.29013087767992435	0.00017065525334457568	0.00016819283472776256	1.6566671849346428	1.6580963397884587	0.0001705831759456169	0.0001663665203063936	0.00016614854928639482	0.00016629188043209897	4.982319637509945e-06	4.9866162449276805e-06
11.42065	11.44465	2.0303030303030303	0.29181543166040713	0.2918558747097448	0.00016523008063436227	0.00016076222327439217	1.7148267886962614	1.71540854834076	0.00016236166178609055	0.00015278574198350473	0.00017198142500213232	0.00017203977016756194	5.157226195570545e-06	5.158972839252494e-06
11.42065	11.44465	2.090909090909091	0.2932018836746162	0.2937885439320383	0.00015807317016204947	0.00016558584919743375	1.7751574159859342	1.777199716181101	0.00016154032646780914	0.00016375930606773317	0.00017803203449863947	0.00017823685850778268	5.338664469501566e-06	5.344807170269976e-06
11.42065	11.44599	2.1515151515151514	0.2948787132285091	0.294696484939831	0.00016159054424545074	0.0001633629049286638	1.8345660526157224	1.8348748992870048	0.0001597099558900724	0.00016394785272513357	0.00018399017677421748	0.00018402115126737586	5.517329724622851e-06	5.518259801713317e-06
11.42198	11.44732	2.2121212121212124	0.29683137325545195	0.29710630033739105	0.00016237761943711218	0.00016556938296153736	1.8937190602107212	1.8963194673069927	0.00016532324076811697	0.00016815983042036688	0.00018992268179828715	0.00019018347881927518	5.695228413334561e-06	5.703049724818359e-06
11.42332	11.44599	2.272727272727273	0.29773431558902747	0.2963492284059682	0.00015596540949452123	0.00018164185440464793	1.9545645839396535	1.9571886423758624	0.000154422499232426	0.00018206599643499972	0.00019602493069297496	0.00019628809972679394	5.878212586889744e-06	5.886112146848456e-06
11.42332	11.44599	2.3333333333333335	0.2974812009036718	0.29897171467021844	0.00015589137784651183	0.00014884164947120352	2.0147423788888967	2.014540879397587	0.00015698719421353347	0.00014833111502073827	0.00020206021250515461	0.00020204000395121724	6.059192407921344e-06	6.058584223032668e-06
11.42465	11.44465	2.393939393939394	0.29808331393436516	0.2992102877578517	0.0001616397367772695	0.00016843502296506527	2.0732663215156597	2.074638621179891	0.00016054012543347202	0.00017287251433269733	0.0002079296280729776	0.000208067257163764	6.235198683158043e-06	6.2393290619902145e-06
11.42332	11.44332	2.4545454545454546	0.29954201795589397	0.3007721462382238	0.00015203627463060483	0.00016468738940433671	2.1321159404562673	2.1345121175810315	0.00015273249246145173	0.0001640007473484576	0.00021383170599300645	0.00021407202061789505	6.412181578462451e-06	6.419390659571496e-06
11.42332	11.44332	2.515151515151515	0.30006051679968365	0.30062763911085744	0.0001607842282993144	0.00016559806928473304	2.1910114997707546	2.193260756820238	0.00015421154679947247	0.00015733601265397002	0.0002197383913118799	0.00021996397119849944	6.589304982486057e-06	6.596070161580181e-06
11.42465	11.44332	2.5757575757575757	0.3017846049796464	0.3011820375240241	0.00015189411211097997	0.00016216255774004397	2.250346904051007	2.2536928188060874	0.00015285036183680835	0.00016566418479325138	0.0002256891890533554	0.00022602475366624084	6.767750540193683e-06	6.77781610616112e-06
11.42465	11.44198	2.6363636363636367	0.3027334442310333	0.3029965562648232	0.00015359709613047592	0.00014947148353980542	2.309664567635364	2.3115977021877794	0.000154961080671434	0.0001500346061131972	0.0002316382075654763	0.00023183208326023262	6.946143557905012e-06	6.951956199529272e-06
11.42599	11.44198	2.6969696969696972	0.3030624478795028	0.3032678479473318	0.00016417007197275273	0.00016873048988197217	2.3704032015109093	2.37406978809087	0.00016437177179347997	0.00016736973499242386	0.00023772973638661212	0.0002380974614472841	7.128811676880672e-06	7.139839305469891e-06
11.42599	11.44198	2.757575757575758	0.3043212049323486	0.3043093898841991	0.00015979368708207492	0.00015855090805726987	2.4305350572234814	2.4327138135688915	0.00016170600575526984	0.00015940449467305586	0.00024376041091399875	0.00024397892022554323	7.309652216308856e-06	7.316204122647385e-06
11.42599	11.44198	2.8181818181818183	0.30530185392875336	0.3050678250904084	0.00016676871620956526	0.00015130319592877772	2.4906773739749055	2.492958473367823	0.00016703723967962457	0.000151200494741117	0.00024979213458779516	0.000250020907969895	7.490526028334706e-06	7.4973828493015864e-06
11.42599	11.44198	2.878787878787879	0.3046801973906703	0.3048846886089023	0.00016857156993803948	0.0001580067055185406	2.5502483934594937	2.55125544284463	0.00017022453945265314	0.00016063606890586842	0.0002557665623768422	0.0002558675602090693	7.669681235836372e-06	7.67270776711172e-06
11.42599	11.44198	2.9393939393939394	0.30576582178108386	0.30757943004911326	0.00015397721176038757	0.00016483786567344532	2.6102651712227143	2.613815770611155	0.00015203072980391182	0.00016360997649598325	0.00026178569563962636	0.0002621417882470319	7.850172564443083e-06	7.860853018162132e-06
11.42599	11.44198	3.0	0.3084164823848443	0.3076253285898366	0.00016314063005277115	0.00015646308814905202	2.669826638530872	2.6725903386466783	0.00016260705658262029	0.0001593429827711043	0.00026775916543284246	0.00026803633924848844	8.029300531241854e-06	8.037611457318334e-06
11.42599	11.44198	3.0606060606060606	0.30887408829424823	0.30796978430449506	0.00016288525839434987	0.00016307061627740147	2.729393564101273	2.7314681586088754	0.0001681894672648509	0.00016727168529156035	0.0002737331826397827	0.00027394124547275853	8.208443929309793e-06	8.214682899964202e-06
11.42599	11.44198	3.121212121212121	0.30968523679220117	0.30912674855467503	0.00016013417817329674	0.00015519017027526815	2.7904910777577205	2.7917710402522733	0.00016071907426828684	0.00015955286414549413	0.0002798607038168409	0.00027998907233499885	8.392187823267407e-06	8.396036974346239e-06
11.42599	11.44198	3.1818181818181817	0.31103760538038494	0.3109876186382142	0.00015770052559844707	0.00015418898235435726	2.850137148312728	2.8534225667638506	0.00016279171745966158	0.00015722747258417626	0.0002858426585410418	0.00028617215592857795	8.571568542874104e-06	8.58144810712086e-06
11.42599	11.44198	3.242424242424242	0.3120232530510068	0.3114688546378401	0.00015717356298806638	0.00015490100371672171	2.912586491372821	2.912647441967735	0.00016170374097618784	0.00016048383988417157	0.00029210575582918675	0.0002921118686157592	8.759379268366565e-06	8.759562346297953e-06
11.42599	11.44065	3.3030303030303028	0.3127035271694581	0.31254993154351524	0.0001685733127337198	0.00015875573813222836	2.970475455424433	2.972336722849364	0.00017488149159752627	0.00016418857376904997	0.0002979114888601377	0.00029809815694006257	8.93347776962538e-06	8.939073327707816e-06
11.42732	11.43933	3.3636363636363633	0.31221047612168273	0.3125135775492091	0.0001575161004826279	0.0001602650873668885	3.030525892058544	3.0296784968452872	0.00015832918261313427	0.0001611643943800642	0.00030393399779947287	0.00030384901181880323	9.114071132931005e-06	9.111523165386976e-06
11.42866	11.43933	3.4242424242424248	0.3133174552483009	0.3134769583983185	0.00016504709417117109	0.00016173511229222636	3.0895742827158412	3.0917020952803145	0.00016646160259424974	0.00016105178000290615	0.00030985601070262174	0.00031006941081940774	9.291655475206959e-06	9.298053727794e-06
11.42866	11.43933	3.4848484848484853	0.31386912711189474	0.3142685666243321	0.00016485483087655585	0.00015037431116185984	3.1502301316037604	3.149962678141668	0.00016838527422747128	0.0001564600638331519	0.0003159392369475239	0.00031591241381422806	9.474073003761185e-06	9.473266604223233e-06
11.43	11.44065	3.545454545454546	0.3157967976599712	0.31377369787684145	0.00017167974836394565	0.00016184614887875893	3.2103110435353956	3.2136164749101974	0.00017726170476473218	0.00016829082911878497	0.00032196480228015203	0.0003222963067806837	9.654762720054948e-06	9.664701903074099e-06
11.43	11.44198	3.6060606060606064	0.315945394611697	0.3161058066115724	0.0001542324501344397	0.00015283351384286743	3.2696136982421886	3.269871600037948	0.00015981965362390883	0.000158467471789009	0.00032791231553928277	0.00032793818072790573	9.833107271414603e-06	9.833882668716688e-06
11.43	11.44198	3.666666666666667	0.3165247863959491	0.31722096538690936	0.00015745264054383055	0.00015681280120236817	3.3304187396314218	3.331639570044681	0.00016130713079455928	0.0001639932504672383	0.00033401050442597753	0.0003341329425378278	1.0015973432324274e-05	1.0019645413148893e-05
11.43133	11.44198	3.7272727272727275	0.3172641357551477	0.3172786773528702	0.0001563824883535805	0.0001586970585760547	3.390745273364001	3.393253344864751	0.00016240571251673248	0.00016359395960451964	0.00034006070337619105	0.00034031223998242413	1.019740046243002e-05	1.0204943462416052e-05
11.43133	11.44198	3.787878787878788	0.31830931309144567	0.31811527364683734	0.00016082197478888168	0.00015393619031774515	3.4501616413031106	3.451744082501096	0.00016671628922118346	0.0001589609908880754	0.00034601962103130183	0.0003461783253937515	1.0376090764460974e-05	1.0380848596383801e-05
11.43133	11.44198	3.8484848484848486	0.3190981947678862	0.3179703120945421	0.0001552071248357058	0.00015309965892778703	3.5090267258844903	3.5118622927241248	0.0001572645336668702	0.00015837418817113807	0.00035192325001348813	0.00035220763140348256	1.0553120978251426e-05	1.0561648869502426e-05
11.43133	11.44198	3.909090909090909	0.31987753102522154	0.319473095334167	0.00015318209740908847	0.00017384830953585652	3.568540888016411	3.5715670395771815	0.00015631467872892892	0.00017357103805038768	0.0003578919755306801	0.0003581954708231052	1.0732104588520178e-05	1.07412081460149e-05
11.43133	11.44065	3.9696969696969697	0.3208386422452867	0.31976347202547073	0.00015914729803978168	0.0001446742002839038	3.6275842754249066	3.630156936440742	0.00016464720761226958	0.00015315329039934306	0.00036381348665378665	0.0003640715009969654	1.0909673765167587e-05	1.0917409140007902e-05
11.43133	11.43933	4.03030303030303	0.3215711752305529	0.31997659815530527	0.0001511664780736328	0.00015274219412282525	3.6884607267050775	3.691613785312851	0.00015578380365281224	0.00015949865038528339	0.0003699188372986739	0.00037023506020588217	1.1092753190243212e-05	1.1102236275753592e-05
11.43133	11.43933	4.090909090909091	0.3214303035026172	0.32213784311679794	0.00016404842424571142	0.00015637364417380237	3.7507240340219132	3.7504697722260754	0.00017458497224401973	0.00016292968256425598	0.00037616327690521647	0.0003761377767752558	1.1280007551257932e-05	1.1279241126751183e-05
11.43133	11.438	4.151515151515151	0.32278039996615665	0.3237051546963159	0.0001503025979377569	0.00014257331992882145	3.8087098852161922	3.810529760819112	0.0001629931501236079	0.00015423625242706233	0.00038197872682942455	0.00038216124368860814	1.1454393303272297e-05	1.1459865204764214e-05
11.43133	11.43933	4.212121212121212	0.3214480260748412	0.3228703761020641	0.00015003022844889825	0.00015736460966215584	3.8702627066263213	3.8711496761472635	0.00016056828668554231	0.0001682946405460905	0.000388151911205127	0.00038824086612649315	1.1639507825229123e-05	1.1642176408150076e-05
11.43267	11.44065	4.2727272727272725	0.3235979104131133	0.32343840726309564	0.00015280678995013608	0.00015320431892465466	3.929031363250077	3.9305892405289824	0.00016359311001469073	0.0001593974667495005	0.0003940458693461114	0.0003942021101723982	1.1816249975855157e-05	1.1820934582551404e-05
11.43267	11.43933	4.333333333333334	0.3236865232742341	0.3238578414724014	0.00015043913297334234	0.00015568451819335404	3.987745433759718	3.9908284422308964	0.0001576255435200809	0.0001614508393468544	0.00039993435299967085	0.0004002435505195965	1.1992826740984615e-05	1.2002099138715523e-05
11.43267	11.43933	4.3939393939393945	0.3246476319986994	0.3246821682932902	0.00015428270067126235	0.00015990509318958908	4.049896848087534	4.0523976419052925	0.0001664500810057327	0.0001663625556170966	0.0004061675707639689	0.00040641837748523645	1.2179743027357957e-05	1.2187263939945528e-05
11.43267	11.438	4.454545454545455	0.3250806989558698	0.32504434496156387	0.00015506940065603995	0.00016030313552020092	4.109219970016756	4.110690063241907	0.0001606212323860959	0.0001685217352023653	0.0004121171366981001	0.0004122645735875947	1.2358151495094695e-05	1.23625737336181e-05
11.43267	11.43667	4.515151515151516	0.32477986965298755	0.3255842017770082	0.0001555085773988308	0.00015963687298392983	4.171208544761961	4.170450757121942	0.00016392000026105262	0.00017122202311814773	0.00041833402314331167	0.00041825802398174125	1.2544577307042334e-05	1.2542299306282854e-05
11.434	11.43667	4.575757575757576	0.32574325050209696	0.3260072713857444	0.000160385145711562	0.0001529972415077768	4.228091370014277	4.22962923540555	0.00016583700237912994	0.0001604929088440778	0.0004240388496654575	0.0004241930834826547	1.27156478293592e-05	1.2720272139560488e-05
11.43534	11.43667	4.636363636363637	0.32717287132818107	0.3264194347961889	0.00015078051821035938	0.0001486285737223504	4.290354677284667	4.292108599695036	0.00016322109859176148	0.00016234611176525152	0.000430283289267342	0.0004304591916252167	1.29028991102413e-05	1.2908173772366399e-05
11.43534	11.43667	4.696969696969697	0.3269238464671848	0.3275963953618461	0.00015681771721453433	0.00015692875122879754	4.350796745044282	4.35191386938339	0.0001669779057942549	0.0001690544305773069	0.0004363450752225737	0.00043645711256477685	1.308467398901965e-05	1.3088033913937753e-05
11.43534	11.43667	4.757575757575758	0.32738963201923066	0.32819623626789535	0.00015165013280872924	0.00015868150163715175	4.408440542884329	4.4114143860964985	0.00016355776423510133	0.00016991517446162798	0.0004421262203273823	0.00044242446957140695	1.325803239974879e-05	1.3266976785351855e-05
11.43534	11.43667	4.818181818181818	0.32761366350914145	0.3279808388516322	0.00014602024626629326	0.00015359985377108823	4.470370441150848	4.471117767831881	0.00015591384845101112	0.0001618701695643001	0.0004483372220590561	0.0004484121720822266	1.3444280419775605e-05	1.3446528649700324e-05
11.43534	11.43667	4.878787878787879	0.3278695013643622	0.328542962488589	0.00015576472109239927	0.00015189915635802867	4.531585761918695	4.533436567417886	0.00016327001876555454	0.00016063303675301082	0.00045447655821068047	0.0004546621770552488	1.3628381204434862e-05	1.3633947030632811e-05
11.43667	11.43667	4.9393939393939394	0.33002347723756564	0.33017616568278674	0.00015033926860516088	0.00015583547199018253	4.5885877589609	4.5896848698008625	0.0001605211619933407	0.00016753779114662046	0.00046019333657214924	0.0004603033667436428	1.3799809574443654e-05	1.3803109881470923e-05
11.43667	11.43667	5.0	0.3296653920627872	0.32997440101438835	0.00015275390300161835	0.0001588011648767274	4.650241105402028	4.650801486993145	0.00016119603433456607	0.00017158276922026348	0.000466376602687998	0.0004664328038304227	1.3985226895249965e-05	1.3986913438468952e-05
