# IV Measurement - T = 11.00 C - Pull number 1
# Td_go[C]	Td_return[C]	Vcc	Vd_go[V]	Vd_return[V]	ErrVd_go[V]	ErrVd_return[V]	Vr_go[V]	Vr_return[V]	ErrVr_go[V]	ErrVr_return[V]	Id_go[A]	Id_return[A]	ErrId_go[A]	ErrId_return[A]
#  - T Return Leg
10.84194	10.83538	-1.0	-0.9559018227337205	-0.9551420242527237	0.0006141669151906787	0.0006057772994064636	-0.07006726649955508	-0.06777661578209106	0.0006229528160019977	0.0006108383309341171	-7.027105255195575e-06	-6.797373962700938e-06	2.197882520093412e-07	2.128396051685423e-07
10.84324	10.83538	-0.9393939393939394	-0.8994936018170183	-0.8984729635036826	0.0006633041112691936	0.0005760298540052738	-0.06432926831851643	-0.06507841312836204	0.000669913286433641	0.0005801150524352588	-6.4516365779276334e-06	-6.5267689427702385e-06	2.0479912243926382e-07	2.041824284179797e-07
10.84324	10.83538	-0.8787878787878788	-0.8417843624825975	-0.8416589410495438	0.0006060512524820442	0.0006599512363616063	-0.06062902136082164	-0.06042205889709029	0.0006122111958926928	0.0006646317306771274	-6.080535689581952e-06	-6.059779249532674e-06	1.9239689535435223e-07	1.9355412323278978e-07
10.84194	10.83408	-0.8181818181818181	-0.786835754513984	-0.7870434267837272	0.0005698325452781973	0.0005881627388440964	-0.05597494381747925	-0.05605818228886683	0.0005721440038940899	0.0005907853943429491	-5.613774327297087e-06	-5.622122383799702e-06	1.7785085131120672e-07	1.7869896229129243e-07
10.84194	10.83408	-0.7575757575757576	-0.7295000523942519	-0.7293528187173125	0.0006679687004633911	0.0005837714510624058	-0.05258081321878105	-0.05090694669647044	0.0006684699745579746	0.00059051508041114	-5.27337410678779e-06	-5.105500621449247e-06	1.7175689134264335e-07	1.6415398453023185e-07
10.84194	10.83408	-0.696969696969697	-0.6718358010509791	-0.6706883780460484	0.0006644522147772194	0.0005981673465124195	-0.04872227713597982	-0.04596039474045854	0.0006707842311954645	0.0006002394200252178	-4.886398268576854e-06	-4.609406753631386e-06	1.612335298636649e-07	1.5076210443005476e-07
10.84324	10.83408	-0.6363636363636364	-0.6142392590221013	-0.6125678841338822	0.0005737034661647821	0.0006315042750951521	-0.04384622951256035	-0.043137562083985226	0.0005813190680212162	0.0006397749924153283	-4.397375339741284e-06	-4.326302485606782e-06	1.4417732050504983e-07	1.447326141516571e-07
10.84194	10.83538	-0.5757575757575757	-0.5595760299722061	-0.5585608446851892	0.0006439451596080843	0.0006045616786998187	-0.0400745724296766	-0.039808027291825865	0.0006492488702376242	0.0006119885797816093	-4.019112669709819e-06	-3.9923806330183396e-06	1.3698577537588083e-07	1.34535663214589e-07
10.84324	10.83538	-0.5151515151515151	-0.5019135962768082	-0.5008606937051446	0.0006061454432066315	0.0006009874102013042	-0.03879187865545957	-0.03586988940158542	0.0006118141625479957	0.000605532214482969	-3.890470229210668e-06	-3.5974214623995003e-06	1.318154617294506e-07	1.2379510447524172e-07
10.84324	10.83538	-0.4545454545454546	-0.44410620106911036	-0.4424366438447642	0.0005644370698155471	0.0005593549816364187	-0.03327130110921955	-0.03411369307439451	0.0005661862624083311	0.0005647558831985084	-3.336806850789244e-06	-3.4212910514887685e-06	1.1504993163131982e-07	1.1719055627707236e-07
10.84194	10.83538	-0.3939393939393939	-0.3854749334775671	-0.3852536285411674	0.0005697573363179107	0.0006461755306843044	-0.030185109708718072	-0.02950237208053702	0.0005749008465009353	0.0006538669852788647	-3.027290112197179e-06	-2.9588177796145844e-06	1.07541771100964e-07	1.1032960389250555e-07
10.84063	10.83538	-0.33333333333333326	-0.33047452105641095	-0.32996329302213934	0.000566274635933723	0.0005934057175724887	-0.02649941728194724	-0.025928118283931267	0.0005703663692639946	0.000600118142599718	-2.657648910033822e-06	-2.6003528516629493e-06	9.809889243765e-08	9.850259045792778e-08
10.84063	10.83538	-0.2727272727272727	-0.2730097622668482	-0.27213726640566893	0.0006018139542164764	0.0005699299708832593	-0.023590618064120095	-0.023732078938807327	0.0006093355943538597	0.000573450294861751	-2.365922983062892e-06	-2.3801102134998824e-06	9.36375034631216e-08	9.166029869215787e-08
10.84063	10.83408	-0.21212121212121215	-0.21443302574394835	-0.2147361270705627	0.0006376792243904578	0.0005796804501192798	-0.020805085217852157	-0.02035204945185686	0.000645245864763137	0.0005852664108583302	-2.0865595444641616e-06	-2.0411242053812917e-06	9.001459977405643e-08	8.480349318733146e-08
10.84063	10.83408	-0.1515151515151515	-0.15612076435140784	-0.15596898642811882	0.0005906399806691945	0.0006389757138998882	-0.017472815974337357	-0.016337952798856973	0.0006000405898080715	0.0006456362894256122	-1.7523634514429201e-06	-1.638547066378194e-06	7.989217333754295e-08	8.128344157543537e-08
10.84063	10.83408	-0.09090909090909083	-0.10157341358906206	-0.10061139604463423	0.0006450830258306875	0.0005704668826206411	-0.013515120925932073	-0.014889238502372004	0.0006526001403845619	0.0005762065055064608	-1.3554428769363226e-06	-1.4932542876714477e-06	7.704378433883389e-08	7.31065241364487e-08
10.84063	10.83408	-0.030303030303030276	-0.044939343418116576	-0.04283899174511833	0.0006598561739714135	0.0005605808731209373	-0.011324538850678547	-0.009840347363378611	0.0006629716950294614	0.0005656935923599396	-1.135747552971472e-06	-9.86896736874798e-07	7.470502152134117e-08	6.39885998245808e-08
10.84063	10.83408	0.030303030303030276	0.012624025485543512	0.013085721164476361	0.0005858746335155891	0.0006193814558772906	-0.00655447210568965	-0.006067322166516571	0.0005920826136535863	0.0006268788934437003	-6.573535358228513e-07	-6.084968575385189e-07	6.256679581050274e-08	6.546461391116391e-08
10.84063	10.83408	0.09090909090909083	0.0705772910475304	0.06915948523981341	0.0005382984193164993	0.0005256642941518487	-0.00172891144710823	0.00011370473217421628	0.000541999445155855	0.0005315744478119735	-1.7339398727391736e-07	1.1403543493552932e-08	5.460569640536642e-08	5.331314641758343e-08
10.84063	10.83408	0.1515151515151516	0.12131656094219523	0.12015823197529787	0.00047409731621575837	0.0005802539742879067	0.009150313595818832	0.0084143571621531	0.0004812772363584542	0.0005896702989409054	9.176926683200113e-07	8.438829768481697e-07	5.5561282005554254e-08	6.432521739016641e-08
10.84063	10.83538	0.21212121212121215	0.16205711895892772	0.16074110460686283	0.0005602038475689783	0.0005352026628250609	0.02589626097771434	0.028468468244770867	0.0005645178520713391	0.0005400401958825362	2.5971578555525365e-06	2.855126691883549e-06	9.628498757126796e-08	1.0130953276905845e-07
10.84063	10.83538	0.2727272727272727	0.1883869538156791	0.19074587382465105	0.0004513031216218465	0.0003939416583322156	0.058094550921987925	0.06046752991738142	0.00045491708906415026	0.00039766804726444074	5.8263515115823815e-06	6.064339576510021e-06	1.8057335463095074e-07	1.86173148837611e-07
10.84063	10.83538	0.3333333333333335	0.2064480725827883	0.2069938364804094	0.00042237137879191174	0.0003541851515534389	0.10333672155768664	0.10444065419225673	0.00042118542695070984	0.00035333053575525966	1.036372696396416e-05	1.0474441298992752e-05	3.136342707590707e-07	3.160892572177768e-07
10.83932	10.83538	0.39393939393939403	0.21843398479214093	0.21795592952604995	0.0003825287021202616	0.00035978686885574783	0.1504224208562809	0.15210447527991905	0.00038309456259764447	0.0003617175361970187	1.5085991460864599e-05	1.525468611773333e-05	4.540116658355945e-07	4.588778951807903e-07
10.83932	10.83538	0.4545454545454546	0.22693536542419607	0.22632234619338235	0.00036804646174744255	0.0003361689617235551	0.2028886012953327	0.2040443890761479	0.0003707811527312393	0.0003349570005329601	2.034786894948678e-05	2.046378388086931e-05	6.11302848126626e-07	6.145655267880734e-07
10.83932	10.83538	0.5151515151515151	0.23383853519677483	0.2334986253500136	0.0003978341212185519	0.0003992561242070971	0.2568194169949379	0.2592078615815242	0.0004001751648481996	0.00039870868235428744	2.5756635943730607e-05	2.5996175065843366e-05	7.7340529373191e-07	7.805712073353129e-07
10.84063	10.83538	0.5757575757575757	0.23949067246150257	0.24005052397381524	0.0002886982651125613	0.00031664081066875053	0.3121393596849434	0.31280890755061624	0.0002870702406133681	0.0003164935104934106	3.1304719655495275e-05	3.137186917567107e-05	9.391748367696269e-07	9.412823899771709e-07
10.84063	10.83538	0.6363636363636365	0.24461022372418567	0.24478563173217374	0.00033553131880112707	0.0003377902410332651	0.36823164505478434	0.3693091969983659	0.0003348199765243268	0.0003331016090603449	3.6930262266049976e-05	3.703833085932864e-05	1.1079353581615785e-06	1.111169327976647e-06
10.84063	10.83538	0.696969696969697	0.24954891383611938	0.24978566922037646	0.00022065689521321325	0.0002145983481060408	0.42306807810865693	0.42447721947777606	0.00021791970124824357	0.00020923458455865702	4.242985438859261e-05	4.257117836503621e-05	1.2725301329152868e-06	1.2767527735112004e-06
10.84063	10.83538	0.7575757575757576	0.2536605505921297	0.25438581359246615	0.00020467007862488178	0.00020298253344158853	0.4812349594136775	0.48146147737849404	0.0002006322495892458	0.000198550298877257	4.826345997529611e-05	4.828617765304323e-05	1.4474144186728149e-06	1.448092700741784e-06
10.84063	10.83538	0.8181818181818183	0.2579194210250794	0.25801439583520386	0.00018474727957603395	0.00019679110848667473	0.5375223797827706	0.5396074352631919	0.00017917909718763716	0.00019126362456326339	5.3908572839511645e-05	5.411768481227478e-05	1.6166542120254284e-06	1.6229383310745382e-06
10.84063	10.83538	0.8787878787878789	0.2594235649922756	0.2608272861446318	0.0002170001981119368	0.00018424905032357944	0.5947813682701735	0.5961213728188971	0.00021294983315725362	0.00018082749995210385	5.9651125089777704e-05	5.9785515276190664e-05	1.7888835239915994e-06	1.7928777099031876e-06
10.84063	10.83538	0.9393939393939394	0.2625654601945173	0.26160344261834145	0.0001846129251744853	0.00022104395948374065	0.6534535948558952	0.6552616436770093	0.00018043786281567205	0.00021570497145462865	6.553541218091417e-05	6.571674292217524e-05	1.96529124354279e-06	1.970764223708276e-06
10.84063	10.83408	1.0	0.26528019602044794	0.26587140285459143	0.00021159772882926357	0.00017350972546230895	0.7120039190835004	0.7134148798727112	0.0002026969287313994	0.0001669002344181423	7.140747358173707e-05	7.154898002935625e-05	2.1413897045537405e-06	2.145601851494805e-06
10.84063	10.83408	1.0606060606060606	0.26676753016433385	0.2681594323712263	0.000205190854811456	0.00020122478547554096	0.7693438736586763	0.7693484222105457	0.00019591147154735555	0.0001923628720985122	7.715814598923642e-05	7.715860216733986e-05	2.3138218303053024e-06	2.3138325144888597e-06
10.84063	10.83408	1.121212121212121	0.26932957656295115	0.2707228433947292	0.00020014752113587463	0.00017422756364661836	0.8266838291821021	0.8291022942032403	0.00019520388414188733	0.0001713313115052224	8.290881849183654e-05	8.315136838865112e-05	2.4862606832042595e-06	2.493516145033269e-06
10.83932	10.83408	1.1818181818181817	0.272938164922752	0.2723360518920586	0.00018449338903431438	0.0001916909770230417	0.8854825033935231	0.8865705170006672	0.00018214659740985726	0.0001851345219324479	8.880578712200612e-05	8.891490492434733e-05	2.663078435728514e-06	2.666352540123728e-06
10.83801	10.83538	1.2424242424242427	0.2747145119695297	0.2751203134309706	0.0001763617898108716	0.0001816990195742976	0.9441902075158072	0.9468824970852403	0.00017378723506643632	0.0001759916836768858	9.469363228520782e-05	9.496364427692712e-05	2.8396278608044866e-06	2.847725909826255e-06
10.8367	10.83538	1.3030303030303032	0.27676714937303304	0.27660355639865597	0.00017669445422245565	0.00017652990320910582	1.0022551999033678	1.0037262015845383	0.00017512280298035156	0.00017133453183974638	0.00010051701934644145	0.00010066454734575652	3.0142512270727147e-06	3.0186728820329327e-06
10.8367	10.83538	1.3636363636363638	0.2785821225387609	0.2773247287607016	0.00018319645312842305	0.00017819773862089137	1.0620345433022045	1.0641045892641128	0.00017383624986305762	0.00017313858317153093	0.00010651234011655847	0.00010671994677205022	3.1940290973261986e-06	3.200254117282291e-06
10.83801	10.83538	1.4242424242424243	0.2796613817447207	0.2787379884707126	0.00017737302273419315	0.00017549533995864485	1.120808202326043	1.1211916452486277	0.00017209053495072512	0.00017426798866555644	0.00011240679995246646	0.00011244525576658587	3.370782645497539e-06	3.371936928263424e-06
10.83932	10.83538	1.4848484848484849	0.28161131911430964	0.28134820708051983	0.0001918973729566959	0.0001713110053777	1.1807008041170843	1.1812898416773667	0.00018608613759980185	0.00016606108170084616	0.00011841347950226501	0.00011847255457600709	3.5509095764498687e-06	3.5526710515978198e-06
10.83932	10.83538	1.5454545454545454	0.2823806605188107	0.2815813270690072	0.00018216275955134487	0.00017349488871361296	1.2376386670693809	1.2390305236722308	0.00018101103387842046	0.00017326737603043423	0.0001241238258017632	0.00012426341627441888	3.7221407415389834e-06	3.726322883469291e-06
10.83801	10.83538	1.606060606060606	0.28426152529921817	0.2833008736001006	0.00018681270288880796	0.0001708744977341762	1.2972688172415998	1.300262219827977	0.00018361412156367888	0.00017040298942244897	0.00013010418385734629	0.00013040439472750747	3.901472701021556e-06	3.9104689980964394e-06
10.83801	10.83538	1.666666666666667	0.28569296382501747	0.28496724721368366	0.00016068412600969307	0.0001763203144375379	1.355173702886617	1.3580579386992904	0.00015819754099562734	0.00017209661332782326	0.00013591151367832886	0.000136200776120679	4.075604303638447e-06	4.084283992774627e-06
10.8367	10.83538	1.7272727272727275	0.2867381411613154	0.28618965027222343	0.00017291031616879814	0.00017341387239814022	1.4173792424687475	1.4190590238819776	0.000170415409722545	0.00017224802025233912	0.00014215015971003384	0.0001423186264047716	4.262685727840966e-06	4.2677382316900965e-06
10.8367	10.83538	1.787878787878788	0.2884567762421323	0.28834180673513954	0.0001722181398419156	0.00016790990165736733	1.4765249721360483	1.478776505311368	0.00017454389369797276	0.0001660103887667638	0.00014808193482459614	0.0001483077429857956	4.440561884357986e-06	4.4473298463190585e-06
10.8367	10.83538	1.8484848484848486	0.2892665614652988	0.28909387999234526	0.00017150305611871204	0.00017907146000217176	1.5364948994020724	1.5375478891598227	0.0001672251563757081	0.00017285105904415803	0.0001540963694115006	0.00015420197464244536	4.620912437945366e-06	4.624081277995326e-06
10.8367	10.83538	1.9090909090909092	0.2913950855322669	0.2887989582135377	0.0001621748656098482	0.00016278176100816642	1.593689754724278	1.5971089011693158	0.00016415453104772908	0.0001658819175873313	0.00015983248969253617	0.00016017539877337438	4.792919099997448e-06	4.8032024380238505e-06
10.83801	10.83538	1.9696969696969697	0.29175999027694655	0.2914968782430327	0.0001690223915355046	0.00018338003307938485	1.654003552959962	1.6578930196634278	0.00017074170866787498	0.00018475635757170318	0.00016588141138902437	0.00016627148928527008	4.974309085490313e-06	4.986011292734985e-06
10.83932	10.83538	2.0303030303030303	0.2928851479423966	0.293396830412028	0.0001770918251918667	0.00016467570322987264	1.713683282616722	1.714979620039002	0.00017045692112671845	0.0001602065491243567	0.0001718667418129297	0.00017199675258640075	5.153789841348542e-06	5.157685143126401e-06
10.84063	10.83538	2.090909090909091	0.2949377869005041	0.2935776907650634	0.00016379883672974066	0.0001642480591005298	1.773584071894332	1.7760543908218855	0.0001617118930368973	0.00016566859520606922	0.00017787424249266192	0.00017812199286148687	5.333932840681289e-06	5.3413633069553175e-06
10.84063	10.83538	2.1515151515151514	0.2952626984011472	0.2955476267223498	0.00016247016566806925	0.00016790255722484018	1.834181699318324	1.8345410349160012	0.00016435374594167454	0.0001675769187884719	0.00018395162965784012	0.00018398766772801135	5.516175190584416e-06	5.517256833223313e-06
10.83932	10.83538	2.2121212121212124	0.29769432619529085	0.2977688518836181	0.00017988943587638265	0.00016508100706674368	1.8926128523992571	1.8939232892805071	0.00017805537323246443	0.00016376505810902507	0.00018981173928384886	0.00018994316410395217	5.691905461319557e-06	5.69584216010028e-06
10.83932	10.83538	2.272727272727273	0.2979369891072834	0.29726989331176806	0.00016196128787105863	0.0001624044688284746	1.952860240417006	1.9553296492268661	0.00015978295765600834	0.00016252811213665876	0.00019585400064356693	0.00019610165973592077	5.8730883740204034e-06	5.880515646941477e-06
10.83932	10.83538	2.3333333333333335	0.298814483644845	0.29827371797954294	0.0001629465470674872	0.00017021488602234774	2.0117066753713044	2.0149475185782038	0.00016331075955647661	0.0001673527468717909	0.00020175575923892333	0.00020208078613761948	6.050064493843875e-06	6.059812136720299e-06
10.83932	10.83538	2.393939393939394	0.29998099243713916	0.2991980182847734	0.00015669592559999985	0.00016974549437578001	2.070765982553088	2.0736611358179178	0.0001576809178171954	0.0001715755263517824	0.0002076788669695204	0.0002079692243323556	6.227678409777726e-06	6.236389006273646e-06
10.83801	10.83538	2.4545454545454546	0.30128655525765397	0.3003495310544165	0.00017290953088504115	0.0001705215135548183	2.131359971135584	2.1340754566015754	0.00017400381221948684	0.00017165798534342925	0.00021375588919221583	0.00021402822751996544	6.409913522374325e-06	6.418079455902703e-06
10.83801	10.83538	2.515151515151515	0.30070352807397127	0.3008584869747006	0.00016593408049017061	0.0001626708928778188	2.191995349682918	2.1936637585181753	0.00016377040120947798	0.00015603251422754896	0.00021983706244939506	0.00022000438857869574	6.592266140825102e-06	6.59728184118266e-06
10.8367	10.83538	2.5757575757575757	0.3017541585094151	0.30239716978370274	0.00017232371141042785	0.00017534812024246377	2.2487530898701324	2.2519284339457077	0.00017451448456715955	0.00017837990265065886	0.00022552934408485935	0.00022584780202043002	6.762962561335692e-06	6.772513128415405e-06
10.83538	10.83538	2.6363636363636367	0.302653919868489	0.30325694174904	0.0001804886000907912	0.00017072214240643565	2.310013441565176	2.312229496045029	0.00018227650177775028	0.00017213921527856852	0.00023167319642615345	0.00023189544639906016	6.9471994334019435e-06	6.9538614135141805e-06
10.83538	10.83538	2.6969696969696972	0.30405582077391463	0.30494422150976797	0.00016428371764595773	0.0001702528997360751	2.371241954475614	2.3733966024119546	0.00016633427632077716	0.00017310877806306355	0.00023781385562888518	0.00023802994708774995	7.131334608369537e-06	7.137816137274132e-06
10.83538	10.83538	2.757575757575758	0.30434619830343396	0.30432756688135215	0.00017569929589541028	0.0001715631140285362	2.4300033306510502	2.4333906380870483	0.0001731775186770213	0.000174712681911518	0.00024370708360756696	0.00024404679952733408	7.308055739981893e-06	7.318243126708609e-06
10.83538	10.83408	2.8181818181818183	0.3043053000598397	0.3063470312650513	0.00016141972006193447	0.00016150293938102837	2.491133594357847	2.4904071906243144	0.0001628855318056192	0.00016379009175274172	0.0002498378893147976	0.0002497650376716793	7.491897150697877e-06	7.48971275484323e-06
10.83538	10.83408	2.878787878787879	0.3066714906642325	0.30625523419595524	0.00016231877977865362	0.00015467344733579715	2.5480810089066996	2.551006182201876	0.00016155066727670394	0.0001578108516735247	0.00025554919355197066	0.0002558425616489696	7.663161132658475e-06	7.67195754812788e-06
10.83538	10.83408	2.9393939393939394	0.30816109395835856	0.30795887648759424	0.00016632338967880521	0.00015884802308184615	2.6097056991394916	2.61169705535118	0.0001691138459489875	0.00016136191574637836	0.0002617295857125155	0.0002619293005065871	7.848493516749055e-06	7.854480702450069e-06
10.8367	10.83408	3.0	0.3086359696254726	0.309129929523122	0.00015772386603435813	0.00016490847248484675	2.668666757803414	2.671708374439215	0.00015778315181578514	0.00016617071320912182	0.0002676428400163889	0.00026794788631423277	8.025811324115174e-06	8.034960418855216e-06
10.8367	10.83538	3.0606060606060606	0.30892362061149015	0.309581627908429	0.0001662423825662696	0.00018061247568473956	2.7285880157604336	2.731179325758867	0.00016985223862328475	0.00018361663085490648	0.00027365239351724336	0.0002739122781826163	8.206021658542419e-06	8.213817772300605e-06
10.83801	10.83538	3.121212121212121	0.3104527604969869	0.3105032016640865	0.00016056266210296945	0.00017060784715343397	2.7879689057490897	2.791279341795767	0.000161258166786662	0.00017211272729691476	0.0002796077530587794	0.0002799397594820747	8.384602716564428e-06	8.394560730004995e-06
10.83801	10.83538	3.1818181818181817	0.3121945712491739	0.3120273428753662	0.0001650164951754833	0.00016043400074531298	2.849745517997443	2.8532128790815383	0.00017044671217976545	0.00016728101696920363	0.0002858033816064029	0.0002861511261740586	8.570392245953834e-06	8.5808194018254e-06
10.8367	10.83538	3.242424242424242	0.3129025652882836	0.3131997591917352	0.00015555655832804469	0.0001601263625100764	2.9086456260420044	2.9120925186409092	0.00015690846092934686	0.00016425652234740602	0.0002917105231212521	0.00029205621488726397	8.747526582055285e-06	8.757894166388365e-06
10.83801	10.83538	3.3030303030303028	0.3136882659902223	0.31293482945823015	0.00016916928444911568	0.00017109255373806595	2.9691772996330346	2.971203678578713	0.0001722725288157207	0.00017502622258413545	0.00029778129572089406	0.0002979845229744973	8.929573170312896e-06	8.93566786513384e-06
10.8367	10.83538	3.3636363636363633	0.31359238233024017	0.3125408430449386	0.00016512068357936582	0.00016398955540172737	3.0287501384869358	3.031501557503834	0.00016717180210841729	0.00016630282614203437	0.00030375590597602403	0.00030403184810990215	9.1087322974259e-06	9.117006789907653e-06
10.8367	10.83538	3.4242424242424248	0.31402090503812236	0.31515969390975823	0.00015833932029524987	0.0001681919514881291	3.089166278849661	3.089252246479674	0.00015654141287262065	0.0001703017500927759	0.0003098150916507533	0.00030982371341687633	9.290426704590132e-06	9.290687679315189e-06
10.8367	10.83538	3.4848484848484853	0.3153719103515196	0.3152487611958079	0.0001659244929611025	0.00016759292681021434	3.1448983205113423	3.1490543309455377	0.00016608566243465594	0.00017075284127187858	0.00031540450511597057	0.00031582131490778635	9.458037637081321e-06	9.470537312013946e-06
10.8367	10.83538	3.545454545454546	0.3161844221242591	0.3148993084255414	0.00016476521636755474	0.00015562614164734608	3.2072589652310737	3.2117283722978796	0.00016974258427389003	0.00016291309304074142	0.00032165870677274835	0.00032210694737718176	9.645582500825352e-06	9.65902267109203e-06
10.8367	10.83538	3.6060606060606064	0.31603082649831615	0.31660521960835114	0.00017880155032429937	0.00015986520317570985	3.2676719214491707	3.2701936375113454	0.00018029028706542552	0.00016492980878378568	0.00032771757310692714	0.00032797047813773396	9.827271108176438e-06	9.834852237346853e-06
10.8367	10.83408	3.666666666666667	0.31754724248580585	0.3175967748030477	0.00017135123099265437	0.0001540108908619504	3.3293098017708926	3.3311769832280396	0.00017730386699797636	0.00016434865611454044	0.0003338992881126159	0.0003340865493158198	1.0012641117965732e-05	1.0018254281809403e-05
10.8367	10.83277	3.7272727272727275	0.31770856333553876	0.3177499160040618	0.00017099929480084294	0.00015942741679846552	3.3888371558548163	3.3918014463758075	0.00017648059122580726	0.0001662407334014415	0.00033986933666180084	0.00034016662785837004	1.0191664316998648e-05	1.0200577433211984e-05
10.8367	10.83277	3.787878787878788	0.31855652025272657	0.31804710990751356	0.00016538526216275658	0.00017214155494630357	3.447931486317852	3.4525582732870665	0.0001726206990317001	0.0001783236836126432	0.00034579595690681494	0.0003462599812744024	1.036938473726389e-05	1.0383300368451146e-05
10.83538	10.83147	3.8484848484848486	0.318778275468639	0.3194076581444162	0.00016701075451847644	0.00015417733432015635	3.508587335773913	3.5103426219402882	0.00016917498045366315	0.00016025307778439043	0.0003518791832086965	0.00035205522233881136	1.0551801403209437e-05	1.0557078875002286e-05
10.83538	10.83277	3.909090909090909	0.3198134571102291	0.31941311124356203	0.00015873866896318258	0.00015670386350158272	3.566472206863035	3.5700619237625726	0.0001631431419767154	0.00016065288233580547	0.00035768450575298716	0.00035804452148857413	1.0725884229594699e-05	1.0736679617604676e-05
10.83538	10.83408	3.9696969696969697	0.3202587951980136	0.3204446558319952	0.00015424786606805694	0.00016193836684093809	3.6270734730498635	3.628082341854713	0.0001665128353901997	0.00016926486312883698	0.00036376225785275933	0.00036386343815612404	1.0908137855650582e-05	1.0911172367945183e-05
10.83538	10.83277	4.03030303030303	0.32095815600156763	0.32203832405738525	0.000152678041524929	0.00016637150241096053	3.6883574745769043	3.6902246575719566	0.00016054627856925083	0.00017253806257098436	0.0003699084820556518	0.00037009574341309364	1.1092443351298333e-05	1.1098060554651418e-05
10.83538	10.83408	4.090909090909091	0.322018329360517	0.3220274178590934	0.0001601968418753178	0.000149655706589061	3.7491516018943427	3.7491939034267276	0.0001664002354669598	0.00015395591944615072	0.00037600557636088084	0.00037600981881724275	1.1275277351879854e-05	1.127540279198466e-05
10.83538	10.83408	4.151515151515151	0.32391237246386034	0.3227163260511923	0.00015943392559531182	0.00016300130126474586	3.808351004473702	3.8094371965757694	0.00016848136511709943	0.00017176884031216982	0.0003819427343770637	0.0003820516694991244	1.1453314798871849e-05	1.1456581919723454e-05
10.83538	10.83408	4.212121212121212	0.3234679448834694	0.32319665320096064	0.0001553155045129759	0.00016257763829519753	3.8683473133405677	3.8705756489013536	0.0001656991805069075	0.00017107614855451457	0.00038795981479696796	0.0003881832964498399	1.1633748166685167e-05	1.1640450478075949e-05
10.83538	10.83538	4.2727272727272725	0.3237433263903373	0.32389555874149367	0.00016182907973562232	0.00016385821734120085	3.9280020242125775	3.931026358099966	0.00017170362809986126	0.00017674810778710407	0.0003939426360658487	0.00039424594906227716	1.1813155484090865e-05	1.182225165753169e-05
10.83538	10.83408	4.333333333333334	0.32337478777306	0.32488075198718674	0.0001695594495452327	0.0001694277476689592	3.987124103159627	3.990204837340726	0.00017476450580556228	0.00017674854029417012	0.00039987203922972896	0.0004001810086591842	1.1990960531247785e-05	1.2000225868233112e-05
10.83538	10.83408	4.3939393939393945	0.3245708341857281	0.3260090890854597	0.00016643532869515658	0.00016047431369311437	4.049342378197444	4.05157344430657	0.00017531610868196852	0.0001759085689950243	0.0004061119625110264	0.00040633571801289433	1.2178076757676549e-05	1.2184786584346765e-05
10.83538	10.83408	4.454545454545455	0.3251225060493218	0.32547559421901884	0.000155320057164852	0.00017027243552829947	4.108664138239306	4.112040528291912	0.00016223530061133486	0.00017786913396710985	0.00041206139186032557	0.00041240001286650403	1.23564800902668e-05	1.236663645909411e-05
10.83538	10.83277	4.515151515151516	0.3253260884174355	0.3256350973690366	0.0001577605269522405	0.0001640409247929434	4.169881733283088	4.171438701487286	0.0001647360818479802	0.00017065562291712034	0.0004182009561010017	0.00041835710575541935	1.254058714166316e-05	1.2545270387273917e-05
10.83538	10.83277	4.575757575757576	0.32598954881352027	0.3273691828974335	0.00016605106053459387	0.00015706685308726904	4.227212135899339	4.2292098589220375	0.000174635106598778	0.00016759547938929243	0.00042395067053448387	0.00042415102386140184	1.2713004792346028e-05	1.2719011821692613e-05
10.83538	10.83277	4.636363636363637	0.32745416035912384	0.3275386833958853	0.00016187990110522893	0.00015817238479287827	4.289255292295277	4.290240053777294	0.00017515095593966301	0.00017091634353439002	0.0004301730310194842	0.00043027179357910876	1.28995943767813e-05	1.2902555391973517e-05
10.83538	10.83277	4.696969696969697	0.3278013410047463	0.32703336287503165	0.00016290906884524044	0.0001705390084319847	4.349366224812258	4.351618213511883	0.00017206808958042117	0.00017909239371342934	0.00043620160714193747	0.00043642746098805364	1.3080372484170834e-05	1.3087146096910906e-05
10.83538	10.83408	4.757575757575758	0.3267511649942313	0.3288892342843538	0.00016379221796780053	0.00016323765316943504	4.408958168087059	4.409202424792703	0.00017526820894453197	0.0001777370202755216	0.000442178133395553	0.0004422026301065794	1.3259590618686924e-05	1.3260325530516194e-05
10.83408	10.83538	4.818181818181818	0.3281671530724506	0.3280789946362585	0.00016011121835835811	0.00016137898424382685	4.467679062614791	4.471491204331452	0.00017141113126082537	0.00017291400284044948	0.00044806730143564247	0.00044844962434374203	1.3436188224402462e-05	1.3447653111141114e-05
10.83408	10.83538	4.878787878787879	0.32934456806303664	0.33058196714422766	0.0001646424490179065	0.00016679377703240485	4.530322628805828	4.531170024019715	0.00017164999355780407	0.00017466733650906737	0.00045434987752540645	0.00045443486350613924	1.3624583474242299e-05	1.3627132329243707e-05
10.83408	10.83538	4.9393939393939394	0.3302852259768292	0.3307828229627684	0.0001611336788920038	0.00015913322452035513	4.586250258154388	4.588306203600085	0.00017121625097361631	0.00017214408491485252	0.0004599589066447085	0.00046016509914753633	1.379278103151764e-05	1.3798964229623532e-05
10.83408	10.83538	5.0	0.331797553828835	0.3311222783738996	0.00015231149551127795	0.00015129520330618693	4.64770983628756	4.647849931684315	0.00016432162459809093	0.00016287618743760578	0.0004661227395735192	0.0004661367898590227	1.3977614682795208e-05	1.3978035837723101e-05
