# IV Measurement - T = 45.50 C - Pull number 2
# Td_go[C]	Td_return[C]	Vcc	Vd_go[V]	Vd_return[V]	ErrVd_go[V]	ErrVd_return[V]	Vr_go[V]	Vr_return[V]	ErrVr_go[V]	ErrVr_return[V]	Id_go[A]	Id_return[A]	ErrId_go[A]	ErrId_return[A]
#  - T Go Leg
45.63508	45.43714	-1.0	-0.9196587081102577	-0.9192011022071148	0.00015683391382715408	0.0005173584854919764	-0.10717708178077545	-0.10774110221257371	0.0001450356327994801	0.0005213779803028855	-1.074887992987418e-05	-1.0805446014700002e-05	3.2265429496835676e-07	3.282145128994836e-07
45.63508	45.43714	-0.9393939393939394	-0.8634581593167417	-0.8648168898565444	0.00015960887793795288	0.0005507009655045934	-0.10186209892349826	-0.10044113129969867	0.0001493523866399811	0.0005563963949850885	-1.0215835816216856e-05	-1.0073325774716544e-05	3.0670785716971844e-07	3.0717933732411393e-07
45.63992	45.43714	-0.8787878787878788	-0.811139308557413	-0.8103863264503496	0.00015691216665278518	0.0005102616548046722	-0.0960372233996314	-0.09549458115653045	0.0001490761716899546	0.0005145930380754026	-9.631654136960325e-06	-9.577232088710306e-06	2.892107581125951e-07	2.917923680916768e-07
45.63992	45.44195	-0.8181818181818181	-0.7566005920274179	-0.7560293798933018	0.00015629560224069363	0.0005218858550041261	-0.09031923884469385	-0.08991487445152502	0.00014264939335303882	0.0005270946435552745	-9.058192643134475e-06	-9.017638597084045e-06	2.7200417384300467e-07	2.7553021396632135e-07
45.63992	45.44195	-0.7575757575757576	-0.7005100140598488	-0.6997297664570559	0.00016426641137083975	0.0006101261394667049	-0.08391396810197865	-0.08315981803426287	0.00014856307093180553	0.0006099744760423902	-8.415802637847623e-06	-8.340168291471555e-06	2.528038043542869e-07	2.574694695106195e-07
45.63992	45.44675	-0.696969696969697	-0.6455291419212887	-0.6438641288615443	0.00016114092465525348	0.0005364279357156284	-0.07839520790026788	-0.07686825899549066	0.00014843653995229062	0.000543446873520377	-7.86232152244187e-06	-7.709182528882825e-06	2.3623666321599157e-07	2.375129758456635e-07
45.64477	45.44675	-0.6363636363636364	-0.5906450622925685	-0.5907236775622626	0.00014930420691895425	0.0005611459262412335	-0.07378252366854961	-0.07244342821319572	0.00014923082790109553	0.0005707718847709249	-7.39971153029281e-06	-7.265412517620671e-06	2.2239903095454034e-07	2.252622834559505e-07
45.64477	45.44195	-0.5757575757575757	-0.5363017484837787	-0.5350793452706104	0.00015620346989720914	0.0005091347023295086	-0.06781209448486412	-0.06670452409967487	0.00014323755576778636	0.0005137686720285563	-6.800932151726419e-06	-6.689852983619984e-06	2.0444461675669359e-07	2.0711995659721206e-07
45.63992	45.44675	-0.5151515151515151	-0.4808264618680284	-0.48076193352789026	0.00016166785679824647	0.0005685616572977053	-0.06187396001926306	-0.06201678454814793	0.0001487627898254931	0.0005725941944658904	-6.2053916376755655e-06	-6.219715630142205e-06	1.86677994153467e-07	1.9515086770550096e-07
45.63992	45.44675	-0.4545454545454546	-0.42525256510999293	-0.42337397254189674	0.00015936557727069868	0.0005486081416808745	-0.05736316112906885	-0.056304258272105445	0.00014790267114958517	0.0005507217011484595	-5.752999812362737e-06	-5.646801551710505e-06	1.7315151555179263e-07	1.781106524567964e-07
45.63992	45.44675	-0.3939393939393939	-0.36825677292438064	-0.36757377225635635	0.00015176096377510757	0.0005861998983712753	-0.05175707096378751	-0.050879655310348416	0.00014177280059916094	0.0005929081587172495	-5.190760301252383e-06	-5.102763545316259e-06	1.5630318784061716e-07	1.64164219586783e-07
45.64477	45.45156	-0.33333333333333326	-0.3152635553571448	-0.3158170449878111	0.00015437973454802072	0.0005853528617649276	-0.04558968947082438	-0.04310936289995537	0.0001420290919795565	0.0005874365052925919	-4.572228409469901e-06	-4.323474365655939e-06	1.3784517804892368e-07	1.424060631531901e-07
45.64477	45.45156	-0.2727272727272727	-0.260646677653931	-0.25895258155345297	0.0001573184702950133	0.0005420553023488482	-0.039382736170218535	-0.04071227745740053	0.0001482021772893667	0.0005496008623437121	-3.949727827722248e-06	-4.0830686448100025e-06	1.193693102598524e-07	1.3427387316249103e-07
45.63992	45.45156	-0.21212121212121215	-0.20435115422353833	-0.20309376045376268	0.0001570508219877845	0.0005090993613446669	-0.034957449474176935	-0.03580711970271375	0.00014784654201587053	0.0005160619666213112	-3.5059120924859026e-06	-3.5911262363568093e-06	1.0617214264207398e-07	1.1947885308782634e-07
45.63508	45.45156	-0.1515151515151515	-0.1477293536594682	-0.14629018991738146	0.00015588331582006823	0.0005725839627894996	-0.02928222194734456	-0.02944187572280029	0.00014912495299100126	0.0005794258614172359	-2.9367387370719648e-06	-2.952750548871757e-06	8.932482173467254e-08	1.0591007613450539e-07
45.63024	45.45156	-0.09090909090909083	-0.0954727589532138	-0.09424717483516716	0.0001543527988507561	0.0005130675033119856	-0.02433794526932552	-0.023551045823864955	0.00014897130424229102	0.0005181668924635048	-2.440873058803081e-06	-2.3619542497106564e-06	7.470363313228043e-08	8.78475498091863e-08
45.63024	45.45156	-0.030303030303030276	-0.040037916304819315	-0.041097180885240545	0.00015417712707666915	0.0005284535477243749	-0.018412546896324752	-0.016631333880838588	0.00014568231998535026	0.0005382008852729153	-1.846609858221317e-06	-1.6679705025412283e-06	5.726931074400211e-08	7.358812897637392e-08
45.62539	45.45156	0.030303030303030276	0.012582673322540469	0.013024827696012903	0.0004961737725706603	0.000571074321182602	-0.010161928599154511	-0.009016148352433834	0.0005013922039378373	0.0005761207937301651	-1.019148390247168e-06	-9.042371228997928e-07	5.884361235357717e-08	6.382576011940146e-08
45.62539	45.45156	0.09090909090909083	0.0642057991758882	0.06380454193640495	0.000442140512014404	0.0004893956163001643	0.0016192754167358991	0.001679316141784313	0.0004457071131211519	0.0004919183310241958	1.6239849731580575e-07	1.6842003227202016e-07	4.4964829816254114e-08	4.95927351214839e-08
45.63024	45.45156	0.1515151515151516	0.10701262761802448	0.10458690741271245	0.00015459841353376315	0.00042288476702121347	0.019127562070165055	0.02323763296338887	0.00015044844427838206	0.00042684201302879075	1.9183193330824447e-06	2.3305218095866882e-06	5.947051341360279e-08	8.195428800420838e-08
45.63508	45.45156	0.21212121212121215	0.13210506310589257	0.1313307230001354	0.00015977855071457893	0.0004213084626142085	0.052160055344079026	0.05539680483410306	0.00015837650696937984	0.00042552788606260803	5.23117594464738e-06	5.555792281025279e-06	1.576691842279473e-07	1.7198049933521744e-07
45.63508	45.45156	0.2727272727272727	0.14832712452379798	0.14707609270719796	0.00016501996588253923	0.0004391888561937336	0.0949319074135345	0.09980295203951439	0.00016239635162975709	0.00044377849080039157	9.520801064440327e-06	1.0009322238442923e-05	2.8596408134459e-07	3.0343102776729954e-07
45.63992	45.45156	0.3333333333333335	0.16087879453133516	0.1594982516046937	0.00017658637425043745	0.00038239591246263713	0.14434328052091094	0.1470551271558111	0.0001713644307836004	0.00038379471869319065	1.4476309349203785e-05	1.47482827355141e-05	4.34440615189256e-07	4.4392804377486826e-07
45.63508	45.45156	0.39393939393939403	0.17126285955708456	0.1706362075931278	0.00016394347914825235	0.00025532715474297914	0.19465845229345666	0.19598753943240876	0.00016051390059655551	0.000257899622314217	1.9522460364402433e-05	1.9655755634581163e-05	5.85640574367845e-07	5.899836358052014e-07
45.63024	45.45156	0.4545454545454546	0.1784495894721298	0.1782028359116491	0.0001816491619002219	0.0002182442398792866	0.2486192876849057	0.25053559258745545	0.00017821394060402746	0.00021919695053928382	2.4934238058861268e-05	2.5126425893837673e-05	7.479156460813086e-07	7.537858146217737e-07
45.63024	45.45156	0.5151515151515151	0.1842671374109499	0.18369138104584432	0.00017093386527311605	0.0003267152394638467	0.3017240856145464	0.30514323205472343	0.00016600834973069296	0.0003236542903447638	3.0260163034253976e-05	3.06030721146047e-05	9.075630904926474e-07	9.182670476632337e-07
45.62539	45.45156	0.5757575757575757	0.19029508409181609	0.18997017026665816	0.00019688619718016617	0.00018967751394014974	0.3582807804101225	0.36093349584992085	0.00019008366395275247	0.00018509128854615262	3.593228165781993e-05	3.619832472669951e-05	1.077668599960771e-06	1.0856365076909892e-06
45.62539	45.45156	0.6363636363636365	0.19428039071686898	0.19475299264359122	0.00018643732686877013	0.00017661227794965503	0.4140956046912122	0.41515450756639277	0.00018823695743386536	0.0001727838967886347	4.1529997461760325e-05	4.163619572423957e-05	1.245501545003648e-06	1.2486632740502934e-06
45.62539	45.45156	0.696969696969697	0.19882100460525165	0.1989477880312973	0.00018723742856984233	0.0002174166159019307	0.47216332705525854	0.47197774664921255	0.00018922280548286526	0.00021480794218649835	4.735365831463831e-05	4.73350462991889e-05	1.4201191657986546e-06	1.419597719257921e-06
45.62539	45.45156	0.7575757575757576	0.20236370135110887	0.20195653678345948	0.00017079756856405102	0.00018320233253706916	0.526534897190731	0.529716154368142	0.00016840473710429696	0.00018223299484352852	5.2806628943007825e-05	5.3125679908548994e-05	1.5836004529733191e-06	1.5931825871075394e-06
45.62539	45.45638	0.8181818181818183	0.20569509050477303	0.20533291383649935	0.0001795354262381518	0.0001696722132226927	0.5846217245624576	0.5870574740824388	0.00017745204748060263	0.0001659183613229732	5.86322058532201e-05	5.887648922700219e-05	1.7582918089394155e-06	1.7656054710443523e-06
45.62539	45.45638	0.8787878787878789	0.20859432155067775	0.20862476802090904	0.0001698253216110761	0.00016303362728958194	0.6415664084249775	0.6429009535489292	0.00016759117888439284	0.0001609155630141317	6.434323622755766e-05	6.447707888365552e-05	1.9295313987351662e-06	1.9335390775094035e-06
45.62539	45.45638	0.9393939393939394	0.21155262643630268	0.21161170307691188	0.0001691904745136446	0.00017947287151016085	0.7008167557608778	0.7022763855993011	0.0001645582639393078	0.0001764240633016685	7.028550353634318e-05	7.043189104395759e-05	2.107713351140951e-06	2.1121125674772857e-06
45.62539	45.45638	1.0	0.21448321420201066	0.2136170802878232	0.00017482824730095643	0.00016442778005427736	0.7560757478552679	0.7582867989195166	0.00016640380665318015	0.0001519313305991939	7.582747446146503e-05	7.60492226376007e-05	2.2738968523439237e-06	2.280536068219869e-06
45.62539	45.45156	1.0606060606060606	0.2168262291363461	0.21721112848550017	0.00016462402807094942	0.0001616084968552326	0.8151255030786921	0.8157914110723624	0.00016135043079681195	0.00015798898668349009	8.174962421810171e-05	8.181640869244433e-05	2.451476298939954e-06	2.4534767185168188e-06
45.62539	45.45638	1.121212121212121	0.21948098247364467	0.2194537169780051	0.00016919957836493787	0.0001596682954976373	0.8734020052815984	0.8725496058634508	0.00016601188228129894	0.0001569175389321175	8.759422377711347e-05	8.750873592051457e-05	2.626737443037412e-06	2.624168345133101e-06
45.62539	45.45638	1.1818181818181817	0.2217603750117794	0.22279828154993375	0.00016936370924294328	0.00016204252413924236	0.9319773468916435	0.9323353167787666	0.0001673987042731841	0.00015923638190047494	9.346879419232208e-05	9.350469529422992e-05	2.8028954772469214e-06	2.803967241079011e-06
45.62539	45.45638	1.2424242424242427	0.2237407588533502	0.22425698557249568	0.00016383052661093163	0.0001606299832118233	0.9907500941606657	0.9922847770154297	0.0001618108380147638	0.0001584371280201329	9.936316258757053e-05	9.951707722549691e-05	2.979643591935638e-06	2.984257135266156e-06
45.62539	45.46119	1.3030303030303032	0.2253539673492335	0.22498088448411419	0.00017377108846996727	0.0001596797624119591	1.0488528397387564	1.0498448800470301	0.00016787491059587958	0.00015668084341267512	0.00010519033594812521	0.0001052898285073744	3.154383558556797e-06	3.1573612088234155e-06
45.62055	45.46119	1.3636363636363638	0.22809187754616048	0.22698717054346257	0.00016177405962368538	0.00016239762078487345	1.1055287068865822	1.1082478304324406	0.00015935886490457197	0.00016014115442269247	0.00011087440646741372	0.00011114710966126172	3.3248250476613445e-06	3.3330028709115025e-06
45.6157	45.46119	1.4242424242424243	0.22884531407884368	0.22804416103020242	0.00017037125179591113	0.0001613085924170739	1.1661431639524904	1.1685657222721932	0.00016704153181287354	0.00015775540938215034	0.0001169534814915746	0.00011719644190875471	3.5071196398067663e-06	3.514400885643118e-06
45.6157	45.466	1.4848484848484849	0.2303331012958173	0.2299813763997665	0.00016715552589951707	0.00016278867735018647	1.224021666989057	1.2255304217240528	0.00016552848953619364	0.00015938880909807716	0.00012275816537850334	0.00012290947966342921	3.6811818966218636e-06	3.685716584273556e-06
45.6157	45.466	1.5454545454545454	0.23173681990095832	0.23201129255574232	0.00015950640760997685	0.00016534845150735942	1.284346836236014	1.2840370798537124	0.00015879434550640972	0.0001623884779151231	0.00012880822748330298	0.00012877716175445917	3.862600278393894e-06	3.861670222840611e-06
45.62055	45.466	1.606060606060606	0.23461787394971004	0.2340680224828029	0.00016671452303556957	0.00015425479637346928	1.3417964114307526	1.3435453296210724	0.0001626028447090345	0.00015062674991204173	0.00013456989383519734	0.00013474529431562254	4.0353752692513e-06	4.040630284962117e-06
45.62055	45.47082	1.666666666666667	0.2355253605312142	0.23605749212301336	0.0001678722395058791	0.00015527145684532626	1.4023894905704157	1.402590081707257	0.0001691442581805705	0.0001550680750049078	0.00014064682484910397	0.00014066694230340556	4.217605133751069e-06	4.218202949206977e-06
45.62055	45.47082	1.7272727272727275	0.237617987328288	0.23714720310355103	0.00016303053818794472	0.00016511224156523684	1.4610876419467218	1.4621670133053142	0.00016247592594720425	0.00016202083536452435	0.0001465337119593543	0.000146641963023299	4.3941310935020585e-06	4.3973770228690654e-06
45.6157	45.466	1.787878787878788	0.23888946828066684	0.23920847457990968	0.00016389058842398866	0.0001600832853246329	1.5209675078857328	1.522286586988161	0.0001626511978753796	0.00016005566144757275	0.00015253911421981073	0.00015267140577556525	4.574213737197129e-06	4.578179813774027e-06
45.61086	45.466	1.8484848484848486	0.24059628438170955	0.24070307817056444	0.00016575057350302872	0.00015367493295981655	1.5783438502153337	1.5809501710969907	0.00016765102628187468	0.0001560448409915933	0.00015829343598589246	0.00015855482610540475	4.746769058763301e-06	4.754603331512984e-06
45.61086	45.466	1.9090909090909092	0.2408889379674977	0.24195729097516572	0.0001556028933101598	0.00015872494773188283	1.640311047267711	1.6425871426231249	0.00015595488017905397	0.00015986380347216337	0.00016450817844425945	0.00016473644996721742	4.933125322316615e-06	4.939971714277779e-06
45.60601	45.47082	1.9696969696969697	0.2443103032548371	0.24381361680941663	0.0001620143369721772	0.00015627770906778148	1.7002873425063518	1.7001467921294282	0.00015384616491249608	0.00014872482941872961	0.00017052325168050866	0.00017050915576466034	5.113497578890333e-06	5.11307336299268e-06
45.60601	45.47082	2.0303030303030303	0.24426804252856127	0.24414671107262076	0.00016585696164099977	0.00015595766514447576	1.7585297298926499	1.7596254759177254	0.00016529097097375128	0.0001539492346031693	0.00017636442983578877	0.0001764743231288462	5.288659469636474e-06	5.291951378568841e-06
45.60601	45.47082	2.090909090909091	0.24766214152988988	0.24634430923749448	0.00016313483100421068	0.00015505694894559397	1.8172988396988954	1.8191114372648522	0.00016027035658182438	0.00015394063415615443	0.00018225843342682734	0.0001824402203655453	5.465400388258183e-06	5.470849774480368e-06
45.60601	45.47082	2.1515151515151514	0.2477016764989993	0.24741266224571215	0.00016020133584458937	0.00015906173478978715	1.8788079971352474	1.878817548522455	0.00015996524723265536	0.00015890402875894571	0.00018842723870577148	0.0001884281966224506	5.6503832581449165e-06	5.650411681857724e-06
45.60601	45.47082	2.2121212121212124	0.24829969970490398	0.24808793768994636	0.00016279211286686354	0.0001600803867951128	1.9374188165309967	1.9393883394904177	0.0001610463075725416	0.00015835261086205647	0.00019430536721803197	0.00019450289233681855	5.8266500861244715e-06	5.832572499812118e-06
45.60601	45.47082	2.272727272727273	0.2497147789334715	0.24906586013544013	0.00016258984468172882	0.00016294273002613268	1.9992199907796135	1.9994565164535665	0.00015839698276855828	0.00015703448895108753	0.00020050345910937854	0.0002005271804687159	6.012510633425675e-06	6.013221603009926e-06
45.60601	45.47082	2.3333333333333335	0.25107941699640257	0.2500846808272043	0.00015715613648939418	0.0001593107250460396	2.0551981089251115	2.058103269004054	0.00015677341074021644	0.00015787889511423352	0.00020611755179271	0.0002064089127473728	6.1808592304989355e-06	6.189596514828542e-06
45.60117	45.47082	2.393939393939394	0.25121483562519253	0.25173060791940904	0.00015719082075772064	0.00015263622356007352	2.1153690821837596	2.1176338061595	0.0001561063919011743	0.0001535979977053748	0.00021215214945178614	0.00021237928052948553	6.361817748519057e-06	6.368628085490916e-06
45.60117	45.47082	2.4545454545454546	0.2523881607914191	0.25321930398624054	0.000153807910535342	0.00015453215293788203	2.17553459871934	2.1765516533781475	0.00015262670775323896	0.00014975023773376657	0.0002181861998515034	0.00021828820112106584	6.542759231185918e-06	6.54581726278542e-06
45.59632	45.47563	2.515151515151515	0.2534333381277172	0.2528830295389098	0.00015223995611074651	0.00015726293801767729	2.2339889469633274	2.235622330333154	0.00015196316832135498	0.00015618893086868224	0.00022404863573997867	0.00022421244913580925	6.718555254711132e-06	6.7234684822123155e-06
45.59148	45.47563	2.5757575757575757	0.2551115293898685	0.25500746608116764	0.00015430301263557887	0.00015838034519233697	2.293012320585343	2.295936583207983	0.00015558192446282765	0.0001615960927774112	0.00022996813966355865	0.00023026141642844077	6.89606356173647e-06	6.90485940787797e-06
45.59148	45.47563	2.6363636363636367	0.2552351329705089	0.2563525638704901	0.00015422141869964506	0.000155501509294821	2.3543927537860467	2.3549463125485444	0.0001574919842422037	0.00015720275928069046	0.00023612403508033766	0.00023617955195552546	7.0806601293626135e-06	7.08232484302751e-06
45.58663	45.47563	2.6969696969696972	0.25618851647118424	0.25679199277666415	0.0001578517783164022	0.00015593797827496555	2.4135935209309665	2.4162216742010667	0.0001556355905436431	0.0001581783029055134	0.00024206132994995151	0.0002423249096581152	7.258700731276318e-06	7.2666052200081365e-06
45.58663	45.48045	2.757575757575758	0.25770038820938573	0.257125086249493	0.00015266270733237054	0.0001586253689667816	2.471917327275479	2.4755147762093634	0.00015569228725051436	0.00015710369039843356	0.00024791067368122344	0.0002482714648690566	7.434104396554693e-06	7.444923702658069e-06
45.58663	45.48045	2.8181818181818183	0.2572573239037811	0.2581502688889226	0.0001529495966099429	0.00015197051915764433	2.5326768825964194	2.533415113114412	0.0001548211153413862	0.00015592633570210503	0.00025400430073176404	0.0002540783384930711	7.616833188514481e-06	7.61905357814989e-06
45.5818	45.48526	2.878787878787879	0.25923997986824543	0.25905139352278295	0.00016285567865144862	0.0001566681464615999	2.591835803253064	2.5937889517864323	0.0001644005860251399	0.00015989016944190247	0.00025993739878177357	0.00026013328169556034	7.794750387163422e-06	7.800623364555892e-06
45.5818	45.48526	2.9393939393939394	0.26045829310242574	0.260418758133618	0.0001632471131652939	0.00015239806459212374	2.65145503735309	2.6538343850134867	0.00016697787412825018	0.0001559337169538739	0.00026591666205526927	0.0002661552888389817	7.974050475412961e-06	7.981203904795276e-06
45.5818	45.48045	3.0	0.2605532679061979	0.2610767654305568	0.00015282421112707947	0.00015368946698516298	2.711267130046141	2.7117651964758323	0.0001553771341902807	0.00015604997752862598	0.0002719152672797253	0.00027196521878205117	8.153927729089502e-06	8.155425749382247e-06
45.57697	45.48045	3.0606060606060606	0.262825848626552	0.26300579925341977	0.00016145087371187422	0.00015599016971480184	2.7700821799931976	2.773868394737819	0.0001600784292871418	0.00015833316807891337	0.00027781387824623384	0.0002781936009164396	8.330809732250733e-06	8.342196105477205e-06
45.5818	45.48045	3.121212121212121	0.2635329354717779	0.263814678927325	0.00015060838332535198	0.00015583913518448262	2.830258156658902	2.8339652267642057	0.00015550782092748548	0.00015970458065204526	0.00028384897770122376	0.0002842207628887981	8.511782850275345e-06	8.522932320534286e-06
45.5818	45.48526	3.1818181818181817	0.265646462514823	0.26426092090683495	0.000155067275931832	0.00015730449676990192	2.891902860723214	2.8937932388801086	0.00016023536512250417	0.00016345816022866476	0.0002900313770658123	0.0002902209646855991	8.697174784841573e-06	8.702860534762567e-06
45.5818	45.49007	3.242424242424242	0.26566009526268775	0.2660572626504809	0.00015786180842757014	0.0001507012573853426	2.9507779515542896	2.9526187511408954	0.00015797979475997762	0.00015094354052362345	0.0002959360095832203	0.00029612062492637603	8.874236073900645e-06	8.87977088732698e-06
45.5818	45.49007	3.3030303030303028	0.2658314134608548	0.26613905913766944	0.0001567351795638426	0.00015119828636224458	3.010835666669682	3.013161795297368	0.00016108501502673248	0.00015759671678408348	0.00030195924848758215	0.0003021925378896167	9.054854979339574e-06	9.061849991746943e-06
45.5818	45.49007	3.3636363636363633	0.26716060637766853	0.26634718575507144	0.00016215740193056228	0.00015644264123176936	3.0713832592248207	3.072536772916116	0.00016122933910265187	0.00015827996813023548	0.0003080316176135614	0.0003081473044745879	9.236946623944822e-06	9.240415203280978e-06
45.57697	45.49007	3.4242424242424248	0.26759958085891367	0.26821987088675997	0.00016290017517376872	0.00015463759251214756	3.1296488441054056	3.1315401330528005	0.000167312073422193	0.00015764202519914165	0.00031387512226510936	0.0003140648012288437	9.41217638130122e-06	9.417862590185818e-06
45.57214	45.49007	3.4848484848484853	0.268253952756422	0.2681089912041267	0.00015401366379929094	0.00015219460334815808	3.1899835664533196	3.19119529944934	0.00016175889977660527	0.0001574866369709727	0.0003199261424584615	0.0003200476681826637	9.59362685420562e-06	9.597270321587768e-06
45.57214	45.49007	3.545454545454546	0.2702138874744449	0.27022433924780803	0.00015536272820128433	0.00016043365818306792	3.2492398235766213	3.249878895116707	0.00016059952977028934	0.00016538755440550598	0.0003258690024648101	0.00032593309548858756	9.771834730026325e-06	9.773757485630335e-06
45.56732	45.49007	3.6060606060606064	0.270401110545121	0.27087825672038746	0.0001543948524586296	0.00015463029529042888	3.3094089775805533	3.3122445448251323	0.00016128114773368595	0.0001607720407006253	0.00033190341766929627	0.00033218779909990296	9.952788380127026e-06	9.961316021304652e-06
45.56732	45.49007	3.666666666666667	0.2719943243455821	0.27137357989280686	0.00015360537840127192	0.00015819150278316977	3.370289071042053	3.372749836806367	0.00016075841274266716	0.0001636682630186172	0.000338009133591621	0.0003382559258656471	1.0135879931685703e-05	1.0143280940980133e-05
45.56732	45.49007	3.7272727272727275	0.2720324960396034	0.2727513962770049	0.00015820401988549026	0.00014909846425068462	3.4284682327848994	3.430616058982286	0.00016126537876990063	0.0001511999867231348	0.00034384397079379196	0.00034405937809470324	1.0310848836288567e-05	1.031730670587625e-05
45.56248	45.49489	3.787878787878788	0.2723883107588735	0.2730017844127875	0.00015328827302087797	0.00015075630619134606	3.4883490085859403	3.490376298157488	0.00016018271249403237	0.00015765325468119926	0.00034984946430507876	0.00035005278288611857	1.0490934958567469e-05	1.0497031472851887e-05
45.56248	45.49972	3.8484848484848486	0.2738883674489255	0.27385882982855186	0.00015246116366554715	0.00015822897320652075	3.548196125452058	3.551313247698773	0.00015137331893050543	0.00015997300723875142	0.0003558515821333926	0.00035616420095263996	1.0670918737962774e-05	1.0680294477966605e-05
45.55764	45.50454	3.909090909090909	0.2743900525703485	0.27417737917612417	0.00015942191359613457	0.00015644792926087548	3.606726890696378	3.6105535873867107	0.00016286693177231345	0.00016032192118587636	0.00036172168194728495	0.0003621054645859704	1.0846946698455347e-05	1.085845477994401e-05
45.5528	45.50936	3.9696969696969697	0.2753102630512195	0.2746699783265048	0.00015829809499898778	0.0001541394047032199	3.669060245654929	3.6703456664822274	0.00016258504576473462	0.00015858714506826322	0.00036797314669089647	0.0003681020626298493	1.1034408884606591e-05	1.1038274092767031e-05
45.5528	45.50936	4.03030303030303	0.2762172952091547	0.2756283605013972	0.0001562029976541324	0.00015583786067719128	3.7283028595460714	3.731084299014168	0.00016400680450244103	0.0001633293997534149	0.0003739146384059845	0.0003741935913162339	1.1212576188849534e-05	1.1220941030846726e-05
45.54797	45.50936	4.090909090909091	0.27745287659063017	0.2764040638549018	0.00015440313017496367	0.00015121692596158212	3.7890596862854897	3.790969621228379	0.00016101980885102233	0.00016083796860272195	0.00038000799180478286	0.0003801995407911322	1.1395296724909248e-05	1.1401040665538802e-05
45.54797	45.50936	4.151515151515151	0.27790184842030957	0.2779918245562169	0.00015799551930578728	0.00015640214420130412	3.8483204943150846	3.851389402261323	0.00016402853416131437	0.00016414110161438347	0.000385951308225362	0.00038625909159174836	1.1573518978461447e-05	1.1582748473355585e-05
45.54797	45.50936	4.212121212121212	0.27908017226075343	0.2787061805443301	0.00015069442241005216	0.00015734022267599432	3.9084282410091644	3.909958375551593	0.00015541262851388052	0.00016149145660021322	0.0003919795648389494	0.00039213302332279543	1.1754286724231366e-05	1.175888929783912e-05
45.54797	45.50936	4.2727272727272725	0.2777019014516265	0.27842716363803155	0.00015738998625520434	0.0001562750610656612	3.9687479520648323	3.9709221598694073	0.00016638231553133272	0.00016447421348489235	0.0003980290795371409	0.00039824713267168864	1.1935694623060534e-05	1.1942233101917978e-05
45.54314	45.50936	4.333333333333334	0.27963502509884874	0.27985405791454254	0.00015609915908049708	0.00014815552091603236	4.0283881094642275	4.0296107616054995	0.00016218521074905264	0.00015752631370017378	0.00040401044122597807	0.0004041330620404673	1.2115056744725528e-05	1.2118733149014688e-05
45.54314	45.50936	4.3939393939393945	0.27937645731434735	0.27996675529689125	0.0001580535081524393	0.00015417088939358956	4.088695540677751	4.090957534276298	0.00016551679121817796	0.00015976687302488252	0.0004100587243684436	0.0004102855816143113	1.2296426668101912e-05	1.2303228657026014e-05
45.53831	45.50936	4.454545454545455	0.27989404730827927	0.2805243346845597	0.00015511012280767974	0.00014686720265769907	4.146279296507461	4.149406425929045	0.0001561683472184649	0.00015089120306207692	0.00041583384780939333	0.0004161474702566488	1.2469603707900996e-05	1.247900763192461e-05
45.53831	45.51418	4.515151515151516	0.2817403757940959	0.2813391185819433	0.00015092310663654805	0.000157127276583805	4.206422979580555	4.20905340712659	0.00015908765028970027	0.00016431322606084563	0.00042186570851274245	0.0004221295163099579	1.2650481111982812e-05	1.265839257154802e-05
45.53831	45.51418	4.575757575757576	0.2832158935379914	0.283065933311479	0.00015952753776787547	0.00014922884518720576	4.266355608721251	4.268578485170348	0.00016718749698593936	0.00015674848706923	0.00042787640243919877	0.00042809933659315497	1.2830724458016125e-05	1.2837408245607109e-05
45.53348	45.519	4.636363636363637	0.283528537889023	0.2832281630110697	0.0001560354821444797	0.0001534850363691416	4.326850893728182	4.32899553521543	0.00016453107372501358	0.00016283251844487884	0.00043394352559704966	0.00043415861350069504	1.3012658557016135e-05	1.3019108169873619e-05
45.53831	45.52383	4.696969696969697	0.2838639034864961	0.2831522740479558	0.0001587731293030342	0.00015742985705737394	4.387626369530265	4.390229960620271	0.00016295491596256354	0.00016117684946792993	0.00044003874932607213	0.0004402998656724773	1.3195435458876753e-05	1.320326531935839e-05
45.53348	45.519	4.757575757575758	0.2847918391911572	0.2840574885061756	0.00015853415819762592	0.00014672379979113447	4.445972463305108	4.448550128123288	0.00016751354161765496	0.00015446136303377605	0.0004458903282825302	0.0004461488444612665	1.3370906969607362e-05	1.3378657498631207e-05
45.53348	45.52383	4.818181818181818	0.28561980141147664	0.28503086670371924	0.00015687454469269466	0.00015581451387743783	4.506649690509577	4.508909411429326	0.00016659600267899827	0.00016594647615330395	0.0004519756985768305	0.00045220232789382474	1.3553388482682072e-05	1.356018432217363e-05
45.53348	45.52383	4.878787878787879	0.2864877530255328	0.28616510791582694	0.00015771970541909668	0.00015582590401335667	4.565830444377337	4.567980999701157	0.00016213831577518168	0.00016130852228303286	0.0004579109862979979	0.0004581266673053011	1.3731369060977843e-05	1.3737836576402818e-05
45.52865	45.52383	4.9393939393939394	0.28650002249861106	0.28708486575208525	0.00015873683807885713	0.00015959927481428425	4.628408511285236	4.628349379996496	0.0001681278114540877	0.0001671533112339631	0.0004641869934094109	0.0004641810630825891	1.3919568033450946e-05	1.3919390083045946e-05
45.52865	45.52865	5.0	0.288151402679123	0.2878287609796546	0.00014695401468045008	0.00015923251190283776	4.684882421583748	4.687191721367814	0.0001578678922938868	0.0001676902096519939	0.00046985080950594205	0.00047008241112905563	1.4089407355614115e-05	1.4096353521196104e-05
