# IV Measurement - T = 44.00 C - Pull number 1
# Td_go[C]	Td_return[C]	Vcc	Vd_go[V]	Vd_return[V]	ErrVd_go[V]	ErrVd_return[V]	Vr_go[V]	Vr_return[V]	ErrVr_go[V]	ErrVr_return[V]	Id_go[A]	Id_return[A]	ErrId_go[A]	ErrId_return[A]
#  - T Go Leg
43.99774	44.12521	-1.0	-0.9204385012883058	-0.9204103269427187	0.0005165354858854848	0.0004879490857737923	-0.1059244105918695	-0.10518572577237195	0.0005191030745529461	0.0004895105259980031	-1.0623248479778306e-05	-1.0549165156190146e-05	3.227850404830751e-07	3.2012423435988073e-07
43.99774	44.12521	-0.9393939393939394	-0.8655144321236338	-0.8640011972528611	0.0005630654092265789	0.0005159718494792071	-0.09895375324041467	-0.09909566969780373	0.000568643556897188	0.0005179253086528414	-9.924155374627888e-06	-9.938388295838303e-06	3.030104575370054e-07	3.0251487422306107e-07
43.99774	44.12521	-0.8787878787878788	-0.8132514756265925	-0.8110825054413098	0.0005711119357163075	0.0005278621460384082	-0.09174020321179777	-0.09373064951800592	0.0005759968335744486	0.0005320871041750504	-9.200702358018028e-06	-9.400325896901606e-06	2.8188379682112283e-07	2.8689381761745555e-07
43.99774	44.12521	-0.8181818181818181	-0.7589154324620354	-0.7563002169966464	0.0005411231087567362	0.0005349746158901404	-0.08771019123903545	-0.08723623037487473	0.0005440328282188412	0.0005392467127658015	-8.796529058172245e-06	-8.748995123345173e-06	2.693649414488905e-07	2.6787192443422733e-07
43.99774	44.12521	-0.7575757575757576	-0.7018991910672673	-0.7001878267853117	0.0005397208419663232	0.0005518175297439964	-0.08097514876849173	-0.08291419627097496	0.0005410776087910803	0.000556355985068692	-8.121065968156828e-06	-8.315534677662717e-06	2.4949882720966303e-07	2.5552411961876224e-07
43.99774	44.12521	-0.696969696969697	-0.6462725809897838	-0.644369449383545	0.0006148120169086238	0.0005593376700726976	-0.07498652536744976	-0.07710250939103569	0.0006204607092080124	0.0005627355919883303	-7.520461876185916e-06	-7.732675698629595e-06	2.3394341088188822e-07	2.386487831650733e-07
43.99774	44.12521	-0.6363636363636364	-0.591989250995779	-0.590989516388618	0.0005725815402311041	0.0005100044321376162	-0.07040067376661507	-0.07129855950510723	0.0005823587278716492	0.0005159894654121627	-7.060542951220046e-06	-7.150592669251553e-06	2.1963224826614428e-07	2.2058070958552403e-07
43.99774	44.12065	-0.5757575757575757	-0.537820436441284	-0.5361290670115019	0.0005192910591982449	0.0005644876548681625	-0.06569792957493537	-0.06610502296830374	0.0005232305079110026	0.0005680886208585361	-6.5889007697257415e-06	-6.629728509507947e-06	2.0443079011212786e-07	2.068082224356299e-07
43.99774	44.12065	-0.5151515151515151	-0.4819070843487747	-0.4797122119735364	0.0005997278955446096	0.0005131757763120199	-0.060153242876212966	-0.06042797534848035	0.000603287374956536	0.0005141267005898096	-6.032819464067091e-06	-6.0603726154327905e-06	1.9075563789102143e-07	1.8890537345521879e-07
43.99774	44.11608	-0.4545454545454546	-0.42612778761026887	-0.42485721550927363	0.0006102485961630698	0.0005900249238328432	-0.0544780147362064	-0.055468233231718234	0.0006126704604443295	0.0005963173423289835	-5.463646047157396e-06	-5.562955895268101e-06	1.7498130109906993e-07	1.7721254338258072e-07
43.99774	44.11608	-0.3939393939393939	-0.36944236759921484	-0.36923969408793234	0.0005631725605285037	0.0005030219368570095	-0.04915711887408386	-0.05065814078722352	0.0005695263044440305	0.0005112311153603092	-4.930008913256831e-06	-5.080547666956526e-06	1.5848652106698976e-07	1.6074631593139566e-07
43.99774	44.12065	-0.33333333333333326	-0.3168522249142396	-0.3156798086593059	0.0005545543894383067	0.0005258381478570981	-0.04344140842416896	-0.0444379963651908	0.00055944482036045	0.0005318652996663728	-4.356775491341787e-06	-4.4567241365149735e-06	1.4218479211793715e-07	1.438954564149291e-07
43.99774	44.11608	-0.2727272727272727	-0.2601127283625614	-0.2594110962724553	0.0006146894979571346	0.000520899896904493	-0.03902067143653659	-0.04097882243507012	0.0006204670859682632	0.0005232223121681866	-3.913416050199237e-06	-4.109800665436779e-06	1.328291583987857e-07	1.3394688776584205e-07
43.99774	44.11152	-0.21212121212121215	-0.20546131429693415	-0.2033227905823483	0.0005863810979852201	0.0005238686993026152	-0.03410732587313961	-0.03563245476044438	0.0005906671952626184	0.0005304369280880843	-3.420652479504524e-06	-3.573608941976169e-06	1.1845179200168552e-07	1.1963966121340386e-07
43.99774	44.10696	-0.1515151515151515	-0.1488613261374355	-0.14773707888321794	0.000594740888600423	0.0006093044637184964	-0.02822832247559827	-0.02797860630192835	0.0006012740193727329	0.0006141468974460185	-2.8310422701432425e-06	-2.80599802446378e-06	1.0413172780403025e-07	1.0427770782959329e-07
44.00228	44.10696	-0.09090909090909083	-0.09604851533430046	-0.09421809165405831	0.0005907126518702003	0.0005391208864394478	-0.022472584110413377	-0.023594711931300597	0.0005999279717569517	0.0005456543179276301	-2.2537944148443866e-06	-2.3663335604553805e-06	9.048623904776591e-08	8.960988939756916e-08
44.00228	44.10696	-0.030303030303030276	-0.04047734494928648	-0.03938808845602463	0.0005594429786544145	0.0005063438150368542	-0.017217187337309342	-0.01633977173590828	0.0005678823980064426	0.0005116204473996211	-1.726726239826431e-06	-1.638729489109245e-06	7.697261570381763e-08	7.10464183991264e-08
44.00228	44.10696	0.030303030303030276	0.012972569257082053	0.01487251996256538	0.00046759326911210633	0.0004753717725047326	-0.008372073445393612	-0.009994996772925493	0.00047329431043214524	0.00047941224181311307	-8.396423072303291e-07	-1.0024066565966798e-06	5.3731481641022164e-08	5.6703624305736677e-08
43.99774	44.10696	0.09090909090909083	0.06323332968319205	0.06479564267522732	0.0005410270665519644	0.0005418669537709738	0.0023006438775575616	0.0018585292322221975	0.0005463239519155184	0.0005479634707767424	2.3073351494910856e-07	1.8639346426859868e-07	5.52264246040828e-08	5.523922621403403e-08
43.99774	44.10696	0.1515151515151516	0.10419837405684637	0.10488682784452508	0.00048024455475589276	0.00046890720136576127	0.02121398280175041	0.021183051767276976	0.0004822295223851536	0.00047285308054123055	2.1275682280363463e-06	2.1244661285003484e-06	8.005842461807163e-08	7.941924212003986e-08
43.99774	44.10696	0.21212121212121215	0.1319396527262427	0.1326140192958321	0.00035478441095066247	0.0004863413618763335	0.054591255726820206	0.05562741588934441	0.0003555379529381317	0.0004926398534140455	5.475003081618715e-06	5.578920458263405e-06	1.6800620507762385e-07	1.7443810877518556e-07
43.99774	44.10696	0.2727272727272727	0.14866248982352226	0.15078828963491714	0.0003168952757977408	0.0003107605861585881	0.09618958244348291	0.09760554663689278	0.0003176281680140348	0.0003139340936502193	9.646934353974818e-06	9.788942597221219e-06	2.910308867549633e-07	2.9522432384772844e-07
43.99774	44.10696	0.3333333333333335	0.1623506775186397	0.16170766632357395	0.00041677371587014073	0.00042128783313403686	0.14252749931904002	0.14474537250752892	0.00042022604890211234	0.00042873390891285594	1.4294203120954771e-05	1.4516635493684578e-05	4.30706632335773e-07	4.374282307309989e-07
43.99774	44.10696	0.39393939393939403	0.17209082144307888	0.1712633139918122	0.0003820009023858041	0.00038480735025989707	0.19481765165883033	0.19779422423263734	0.0003880895439684352	0.00038871976328597326	1.9538426603031826e-05	1.9836949577037144e-05	5.871894457102215e-07	5.961259808898482e-07
43.99774	44.1024	0.4545454545454546	0.1800209900572981	0.1798960240205804	0.000350241226493648	0.00023669395691914077	0.24803934670572284	0.24930156985322713	0.0003486174007432725	0.00023583864100374497	2.4876075288910123e-05	2.5002664712990385e-05	7.467768426488868e-07	7.501269501425258e-07
43.9932	44.09783	0.5151515151515151	0.1859121559411932	0.1859071572669796	0.00023303427811531975	0.00028908033509171186	0.30299222187571623	0.3031727995702994	0.00022564025725236653	0.0002843208745604833	3.0387345489491148e-05	3.0405455778788427e-05	9.115051331860896e-07	9.122130321419732e-07
43.99774	44.09783	0.5757575757575757	0.19102170955300757	0.19247859587482113	0.00029411513769700306	0.00027490570736647517	0.3572932889469913	0.35918412195907273	0.00029291791267681624	0.0002721158206373959	3.5833245306086785e-05	3.602287854368396e-05	1.0749316713554456e-06	1.0805613799744026e-06
43.9932	44.09783	0.6363636363636365	0.19747227141649853	0.19636756207307293	0.00019906788919617257	0.00027939626866514114	0.41203829468071324	0.4149120685727079	0.00020031693762611892	0.0002790063207804564	4.13236681055775e-05	4.161188131307872e-05	1.2393341156548487e-06	1.2481276128519694e-06
43.99774	44.09783	0.696969696969697	0.20156845772361232	0.19995524922878202	0.00021791299164816637	0.00025823400605034776	0.4699782027322712	0.4721756081453331	0.00021599769156804312	0.0002579405242188081	4.713451035325155e-05	4.7354889995520316e-05	1.4135867743693663e-06	1.4202649083612218e-06
43.99774	44.09783	0.7575757575757576	0.2044208830043472	0.2049461982220691	0.0002325069898249056	0.00016672972711360198	0.5260295530780482	0.5283233878536036	0.00022909084595762897	0.00016127612854471783	5.27559475557164e-05	5.29859981800826e-05	1.5821574373948776e-06	1.5889714483179073e-06
43.9932	44.09327	0.8181818181818183	0.20755459730674453	0.20770728561045892	0.0002191238918124992	0.00022038311858012046	0.5836233174296153	0.586150037410947	0.00021603177812194399	0.00021801812788599744	5.853207475976485e-05	5.878548163784444e-05	1.7553328292188379e-06	1.7629336148529432e-06
43.99774	44.08871	0.8787878787878789	0.20927459566912907	0.20958678559160251	0.00019504461954997966	0.00020547008401377597	0.6392552892106667	0.6438879902746895	0.00019503151507607342	0.00020597162611535157	6.411145213225019e-05	6.457606962939418e-05	1.9226071910024204e-06	1.936550335375403e-06
43.99774	44.08871	0.9393939393939394	0.21255463340629	0.2140937706431847	0.00018464440740559838	0.0001638831021790803	0.6979329734109156	0.6997587621347789	0.00017948168766897848	0.00016140335298438563	6.99962865721508e-05	7.017939646322124e-05	2.099053181148575e-06	2.1045291625553767e-06
43.99774	44.08871	1.0	0.2166590007607162	0.21716613898224044	0.00018322187910441607	0.00016072891973808076	0.7552920323687483	0.7575358330053282	0.00017515218797969592	0.00015315513002543915	7.57488749743003e-05	7.597390763266756e-05	2.2715465715169906e-06	2.2782784746505598e-06
43.99774	44.08871	1.0606060606060606	0.21865574389880485	0.21906427334210665	0.0001736472719728726	0.00017226533454248538	0.8138737420238651	0.814898530758284	0.00017135456672365807	0.00016728718001200453	8.162408404612026e-05	8.172686097264909e-05	2.447718651344627e-06	2.4507977168415608e-06
43.99774	44.08871	1.121212121212121	0.22098149358380081	0.22242020000872992	0.00016869724468808746	0.0001608717060795093	0.8704477208519785	0.8719919534042706	0.00016430570828567586	0.0001552361799956556	8.729793609988752e-05	8.745280848503366e-05	2.61785177206225e-06	2.6224902749324075e-06
44.00228	44.08871	1.1818181818181817	0.22351036541443586	0.22516265445564426	0.00016933467316893023	0.00016426483384256142	0.9294028653886082	0.9318135990250974	0.0001671346209907244	0.00016276992485279092	9.321059727094656e-05	9.34523717806737e-05	2.795152916250025e-06	2.802400285232576e-06
44.00228	44.08871	1.2424242424242427	0.22561117185952043	0.22667770716720234	0.0001599505107374852	0.00016713994342930412	0.9896770907746902	0.9917494124635218	0.0001568089070549038	0.00016184709975512697	9.925555017297064e-05	9.946338506303499e-05	2.9764139776072186e-06	2.9826489347781635e-06
44.00681	44.08871	1.3030303030303032	0.22734662066206646	0.2287139852727623	0.00015997133544484542	0.00016639652406710552	1.046916522353554	1.0504921389780362	0.0001562264999967402	0.00016460516518356023	0.00010499614104438411	0.00010535474265149295	3.148554296266483e-06	3.159311815507788e-06
44.00681	44.08871	1.3636363636363638	0.22878896538582932	0.2290811606169039	0.000169754561009318	0.00016024863004800947	1.1052548832934954	1.1087991149206475	0.0001679945339315104	0.00016005558052241523	0.00011084694446830763	0.00011120239844756269	3.3240058322950515e-06	3.3346607530931358e-06
44.00228	44.08871	1.4242424242424243	0.23019540864664512	0.23184179016637918	0.00017041101565955043	0.00016434576169171574	1.1653512606610346	1.1670687938496194	0.0001657132758996689	0.00016037700150956622	0.00011687406084254684	0.0001170463136946765	3.5047374487722115e-06	3.509900237250663e-06
44.00681	44.08415	1.4848484848484849	0.2324575374543738	0.2326488503494688	0.0001580704201160222	0.00016826558650317552	1.2211692701917372	1.2250091576798274	0.00015641958819343236	0.0001663459929337492	0.0001224720960978575	0.00012285720165277578	3.6725996195675673e-06	3.6841520338145185e-06
44.00681	44.08415	1.5454545454545454	0.2324266380909803	0.23397440824965599	0.0001576262408064702	0.0001547586513949174	1.2806907102434446	1.283746427618108	0.00015812228548605804	0.00015407269364936527	0.00012844155152376337	0.00012874801199660096	3.8516045958827e-06	3.8607926899392465e-06
44.00681	44.0796	1.606060606060606	0.23487735058340864	0.23659598566392065	0.0001580147608585258	0.00015783595096506244	1.3411141286516937	1.3421234517906457	0.00015514995919376873	0.0001499113949925366	0.00013450146711981685	0.0001346026929887319	4.033320423823195e-06	4.0363538664109534e-06
44.00681	44.07505	1.666666666666667	0.23751028862168239	0.23794335557716728	0.00015777393417179365	0.0001650109069892345	1.4001902657481442	1.4043399096061764	0.00015571331154382227	0.0001619488020225955	0.000140426262736751	0.00014084243401927353	4.210985988765097e-06	4.223467974342004e-06
44.00681	44.07505	1.7272727272727275	0.24010096513930804	0.2401945766754228	0.0001554662924814347	0.0001570286961382086	1.4590171411358017	1.4624117264338954	0.0001528946535220412	0.00015541443438364886	0.00014632605968667152	0.0001466665055093667	4.387900812309006e-06	4.398110574462342e-06
44.00228	44.07049	1.787878787878788	0.24121657833988358	0.24063536885566802	0.00016058062261407833	0.0001625225219738486	1.5192245028094047	1.5242179030515575	0.00015828204437426299	0.0001616480485506396	0.00015236430677057514	0.00015286509909252406	4.5689702827697795e-06	4.5839886143116455e-06
44.00681	44.07049	1.8484848484848486	0.2416855448668809	0.242243578679796	0.000155373157210864	0.0001589430132385296	1.5782183101834333	1.5812394583424307	0.000157068100837849	0.0001624797021103773	0.00015828084547020693	0.0001585838389672481	4.746387868628884e-06	4.755475502000371e-06
44.01135	44.07049	1.9090909090909092	0.2431119847193105	0.24359594490103675	0.0001578511670879743	0.00016265652829929606	1.637981279000239	1.6417647644451496	0.00015198437274959833	0.00016275638664691472	0.00016427452401968098	0.0001646539729661167	4.926117522946316e-06	4.9374994431204095e-06
44.01135	44.07049	1.9696969696969697	0.24475427561748542	0.24538092759461727	0.0001527728006206461	0.00015665749383325688	1.6988272573562961	1.7005411515766824	0.00014764166300834238	0.00015244891601415793	0.0001703768185093066	0.00017054870640624634	5.109104671629458e-06	5.114260464468003e-06
44.01135	44.07049	2.0303030303030303	0.24625978699072637	0.24660514993648563	0.00016096852700673707	0.00015492095691344165	1.7563204981294687	1.758109898434864	0.0001591893914565207	0.00015316315706779047	0.00017614286411889166	0.00017632232458478228	5.2820135344876815e-06	5.287393193769054e-06
44.01135	44.07049	2.090909090909091	0.2485705369643587	0.2485873506856433	0.00015498935849722427	0.00015836758106389047	1.8156167852197913	1.8181798941948462	0.00015099769562611134	0.0001562516817800292	0.00018208973876439587	0.00018234679512534814	5.460339111343832e-06	5.468048905822019e-06
44.01135	44.07049	2.1515151515151514	0.24923263807370422	0.2497629519645299	0.00016124001232339615	0.00015521486966535414	1.8775175723981998	1.8804213679115813	0.0001639664089854643	0.00015670333974998542	0.0001882978209204894	0.00018858904502172113	5.64650358195436e-06	5.655234399899272e-06
44.01135	44.07049	2.2121212121212124	0.2501196715467239	0.25062044781828924	0.00016166394716010785	0.00015853900136050635	1.9374065362253698	1.9383262526289284	0.00016177783382001856	0.00015483356366911402	0.00019430413561582287	0.00019439637474966687	5.826613358089456e-06	5.829377421981379e-06
44.01135	44.07049	2.272727272727273	0.25216276602672183	0.2520355270466509	0.00015188422145340154	0.00016072078798023718	1.9949789210166482	1.9971540385205628	0.00014904249992045584	0.00015432075385462808	0.00020007811864573746	0.0002002962630147992	5.999753598963949e-06	6.006296406355051e-06
44.01135	44.07049	2.3333333333333335	0.25194918631017404	0.25197099870675765	0.000155457660468465	0.0001595086125375489	2.054568134491209	2.0568578766786603	0.00015595434198181388	0.00015767319693451987	0.00020605437112538452	0.00020628401130063788	6.178964431868874e-06	6.1858510593593825e-06
44.01135	44.07049	2.393939393939394	0.2533851690852616	0.25338562351019045	0.0001538952607485825	0.00016035798980413213	2.1136824805244663	2.117472332568139	0.00015639020310082315	0.0001616595198814889	0.0002119829987488182	0.00021236308620681366	6.356745518323434e-06	6.368144475438646e-06
44.01135	44.07049	2.4545454545454546	0.25504563777518885	0.25436081940744937	0.0001534134658424208	0.00015898996134309015	2.173812516991111	2.177001506689107	0.00014980569196523832	0.0001586787806214288	0.00021801349082249636	0.00021833331728904893	6.537579569937407e-06	6.5471722713619665e-06
44.01589	44.06594	2.515151515151515	0.255567772018409	0.256113990782857	0.00015746144998881839	0.00015777553591154108	2.231540006636879	2.234321444491048	0.00015804668948488215	0.0001598098140060964	0.00022380302944909026	0.00022408198219747748	6.711191700387167e-06	6.719557042040605e-06
44.01589	44.06594	2.5757575757575757	0.257023749490365	0.25626258773458277	0.0001509736346907446	0.00015877394217711448	2.2924301045546955	2.294907245914898	0.00015054669993300326	0.0001592710529235432	0.0002299097487267772	0.00023015818332312686	6.89431147499697e-06	6.901763225572068e-06
44.01589	44.06594	2.6363636363636367	0.2579144223508623	0.2582579675970541	0.0001583504565238036	0.00015813960538052746	2.3523968480579276	2.353629050764394	0.0001609247841912629	0.00016130680482049308	0.0002359238640114259	0.00023604744266015386	7.074658399053755e-06	7.0783642251439575e-06
44.01589	44.06594	2.6969696969696972	0.25857152079794354	0.2592467962421778	0.00015833759529919325	0.00015794276981492022	2.412309464738254	2.415285582226358	0.00015916674236793094	0.0001580486102168057	0.00024193255087135235	0.00024223102820442865	7.2548398174309775e-06	7.263789978722213e-06
44.01589	44.07049	2.757575757575758	0.25973257649109194	0.2607463985073009	0.00015115613304627577	0.00015160295513061322	2.47267056671801	2.472312141577737	0.00015178391246911557	0.00015126450371547536	0.0002479862167002317	0.0002479502699406015	7.436368884497132e-06	7.435290846166821e-06
44.01589	44.06594	2.8181818181818183	0.25938903124490004	0.26051009754431176	0.0001569279619673095	0.00015639618722818852	2.530534969517027	2.5329038558842987	0.00015992468806144632	0.00015967516443177713	0.00025378948646244377	0.0002540270640742452	7.610392636037694e-06	7.617516798443461e-06
44.01589	44.06594	2.878787878787879	0.2604387528304863	0.26221328217754863	0.00015582988320734422	0.00015282440148343818	2.5914964812831855	2.5931639804005795	0.00015825696164959813	0.00015200735726651692	0.0002599033678952147	0.00026007060278814356	7.793728627410932e-06	7.798742233020194e-06
44.01589	44.06139	2.9393939393939394	0.2625213822792921	0.26330662855630205	0.0001559024817856963	0.00015462591898233799	2.6505557886479685	2.6512085058416197	0.0001568336327860945	0.00015730858378807479	0.00026582647564416494	0.00026589193720204793	7.97134399248263e-06	7.973307076031864e-06
44.01589	44.06139	3.0	0.2631516696555727	0.2638514840459635	0.00015089478233232877	0.00015515227854368333	2.7096783208781794	2.7118402475816787	0.00015381459155446652	0.0001575520258147144	0.0002717559242681957	0.0002719727457207581	8.149149226804675e-06	8.155651749459956e-06
44.01589	44.06139	3.0606060606060606	0.26530291726863114	0.2650384436037121	0.0001554078869962729	0.00014862891170355118	2.770352363974236	2.771171103480891	0.0001575587329005119	0.00015443493174611836	0.00027784097522557777	0.00027792308730126275	8.331621803731008e-06	8.334083502895557e-06
44.01589	44.05685	3.121212121212121	0.26549286688888	0.2658895831499115	0.00015302325059261476	0.00015582726202544101	2.8300307294017792	2.8323827852370673	0.0001586042729473877	0.00016101986897758155	0.0002838261688297843	0.0002840620584933374	8.511099457377613e-06	8.518173515293785e-06
44.01589	44.05685	3.1818181818181817	0.2658918519763886	0.2675750419127571	0.00015810551521733867	0.0001567758884213508	2.891182825456577	2.892224443832883	0.00016130814460527668	0.00016339856243165538	0.00028995916412161035	0.00029006362890711895	8.695009541225342e-06	8.698142509833965e-06
44.01589	44.0523	3.242424242424242	0.2667234495961387	0.2675514118164582	0.00014848385848516906	0.00015291596891249564	2.9500297154226316	2.9520797470992926	0.00014862895707622523	0.00015263975406330758	0.00029586096835047956	0.00029606656775642287	8.871984193679012e-06	8.878150171066187e-06
44.01589	44.0523	3.3030303030303028	0.2689069613791437	0.26823486690941123	0.00015212018663021503	0.00015390400141735512	3.0107128549709197	3.0118945695419708	0.0001543516421199221	0.0001581761722848579	0.00030194693159872827	0.0003020654467497714	9.054484454141484e-06	9.058039021931637e-06
44.02044	44.0523	3.3636363636363633	0.26919279465937473	0.2699289630440716	0.00015038371288133922	0.00015812718143342396	3.0702688640168345	3.072431245575515	0.00015343454791334296	0.00015834550202687946	0.0003079198539782203	0.0003081367210485924	9.233593841277077e-06	9.2400978502476e-06
44.02044	44.0523	3.4242424242424248	0.26957178505001494	0.2705519796214909	0.0001476713976127767	0.00015559332786340183	3.1286226908036845	3.130819642439356	0.00015533594636440954	0.00015948611002240872	0.00031377220848497487	0.00031399254261752646	9.409088249238914e-06	9.415696089354503e-06
44.02044	44.0523	3.4848484848484853	0.2701493591345518	0.2711899922215615	0.00015216964320500587	0.00015428688371036065	3.188430690851565	3.1912521563477068	0.00015648539104917944	0.00016004369890202814	0.00031977040325459485	0.00032005337040895665	9.588955835067839e-06	9.597441739265192e-06
44.02499	44.0523	3.545454545454546	0.271329046249782	0.2721365593483044	0.00015149871532621085	0.00015431446498140436	3.248216400538476	3.2510255861729753	0.0001525845289360199	0.0001590749395142823	0.0003257663625051124	0.00032604809810179275	9.768755581338255e-06	9.777205006138516e-06
44.02499	44.0523	3.6060606060606064	0.27259143870205843	0.2729736100672003	0.00015183347750153043	0.00015366774101763803	3.307526331955702	3.3107949213396544	0.00015668844288675162	0.00016146547251197707	0.00033171460555167	0.0003320424151378652	9.947125747448492e-06	9.956956516507174e-06
44.02954	44.0523	3.666666666666667	0.2726973197104746	0.27361162266727096	0.0001513845951422681	0.00015313266380806626	3.368548794288459	3.371584043759252	0.00015671525932384764	0.0001569092446415173	0.0003378345997681736	0.00033813900749766844	1.0130645561934397e-05	1.0139773844208074e-05
44.02954	44.0523	3.7272727272727275	0.27357026999874784	0.27456727829259026	0.00015701758434035837	0.0001450314754951087	3.4296672317098773	3.4309535615317275	0.00016022289701342685	0.00014824877974987341	0.0003439642194072688	0.0003440932265100519	1.0314454559069335e-05	1.0318321285200721e-05
44.02499	44.0523	3.787878787878788	0.2737443147464879	0.27526572940819466	0.00015447719431949727	0.0001555655864121623	3.486974891566781	3.4903344519774695	0.0001562912015812925	0.00015796688553636431	0.00034971165295023376	0.0003500485860974295	1.048680182891083e-05	1.0496905671476724e-05
44.02044	44.0523	3.8484848484848486	0.2750562395160062	0.276512671412891	0.0001570969241756148	0.0001481577680656404	3.5482293295277407	3.5502848201199075	0.00015483659941444453	0.00014915132480751507	0.0003558549121981487	0.00035606105908333243	1.0671019096184601e-05	1.0677199994459862e-05
44.02044	44.0523	3.909090909090909	0.27616503381620516	0.27650312848938563	0.00015871328543733788	0.00015484461743467686	3.6070143593847668	3.6082979607222927	0.00016430756868448797	0.00016252245624943291	0.00036175051242450776	0.0003618792458852966	1.0847811454422207e-05	1.0851671505005594e-05
44.02044	44.0523	3.9696969696969697	0.27680213924455366	0.27811133831249796	0.00015663030784263723	0.00015739629885761319	3.6687723223215345	3.6692408232331664	0.00016256465554764855	0.0001627753762848277	0.0003679442706169426	0.00036799125696852536	1.103354297679231e-05	1.1034951984446678e-05
44.02044	44.0523	4.03030303030303	0.2791424284760023	0.279096077133262	0.0001493991483729925	0.0001574393962063392	3.726359718187493	3.7288068369306258	0.00015606885582405188	0.00015737798984430623	0.00037371975912019786	0.00037396518272295913	1.12067312171832e-05	1.1214090902331194e-05
44.02499	44.0523	4.090909090909091	0.27891067176230133	0.27992494820343944	0.0001556891546522578	0.00015142665703862047	3.7880903898821354	3.78876448526917	0.00016587500839347632	0.00015567910792037274	0.0003799107802509413	0.00037997838584587007	1.1392382349284805e-05	1.1394408186503098e-05
44.02499	44.0523	4.151515151515151	0.27959730782975656	0.2798676906624073	0.0001574204824377428	0.00014880180848454908	3.8472925197389407	3.8499043000759863	0.00016220435162198288	0.000157399196065464	0.0003858482117880795	0.00038611014944097744	1.1570427173952648e-05	1.1578281213624234e-05
44.02954	44.04775	4.212121212121212	0.2811155415169612	0.28019169563665963	0.0001548945206048334	0.00015465299554930274	3.907564925859551	3.909140999091064	0.00015480818318171365	0.00016054032317363507	0.000391892982234435	0.00039205104794815606	1.1751690296981177e-05	1.1756430976685543e-05
44.03408	44.04319	4.2727272727272725	0.28195577321035914	0.280396186854631	0.00015127931748405837	0.00015410876480833604	3.9676331019960007	3.9684195466182013	0.00016178547118736187	0.00016169478627194625	0.000397917270283422	0.00039799614347790606	1.1932341170671138e-05	1.1934706323624444e-05
44.03408	44.04319	4.333333333333334	0.28218571222434474	0.28219434629799234	0.00015037614617014955	0.00015393972250584133	4.027396526555508	4.02772856944015	0.00015714036505303387	0.00016143583793326265	0.000403910994539716	0.00040394429540067695	1.2112073974501594e-05	1.2113073133464293e-05
44.03408	44.03863	4.3939393939393945	0.282748744711159	0.2822579657880279	0.00015453282111971617	0.0001536572956624548	4.0871040023786716	4.088178369072707	0.00015840643802145837	0.00015890248662062072	0.0004098991076500523	0.0004100068567919674	1.22916393096075e-05	1.2294870440737676e-05
44.03408	44.04319	4.454545454545455	0.28208437546521664	0.28335176659171	0.0001536086935151267	0.0001559805585212341	4.146582231187621	4.148124189152398	0.00015582368756455586	0.00015699751670113972	0.0004158642293839756	0.00041601887364882135	1.24705147149454e-05	1.247515217105767e-05
44.03408	44.04319	4.515151515151516	0.28384981631370254	0.2838938955317985	0.00014879609572449162	0.00014821432728099763	4.2072385339446905	4.207766165963223	0.0001546112672133995	0.00015562806614154276	0.0004219475011477977	0.00042200041780796543	1.2652933264549281e-05	1.2654520198611285e-05
44.02954	44.03863	4.575757575757576	0.2840120460132931	0.28440512357672687	0.00015363646045435966	0.00015622707469705355	4.265759293571182	4.268449762001891	0.0001620324940415764	0.00016344449424524638	0.0004278165974898387	0.0004280864268380194	1.282893042549286e-05	1.2837021961513247e-05
44.02954	44.04319	4.636363636363637	0.2843837656050721	0.28481592371238484	0.0001611591847325693	0.0001514146059205551	4.327699197929637	4.327098789805061	0.00017191006321956722	0.00016160795090481715	0.00043402860274091234	0.00043396838730368675	1.3015210719346008e-05	1.301340371504664e-05
44.02954	44.03863	4.696969696969697	0.2856702425785762	0.2859060891166365	0.00015400098148031415	0.00015129946406157492	4.386437832926808	4.388232236044949	0.000159598821638925	0.0001559281866269003	0.000439919549987645	0.0004400995121898455	1.3191860622875595e-05	1.3197256697304322e-05
44.02954	44.03863	4.757575757575758	0.28670860354094174	0.2858915475189141	0.0001579540887118289	0.00015826555236153367	4.44519193227816	4.447610397307084	0.0001687801910831861	0.00016129604771244712	0.00044581204816750175	0.0004460545980650972	1.33685597488555e-05	1.33758321488241e-05
44.03408	44.03863	4.818181818181818	0.2867817659544826	0.28755474275841436	0.00015420105026650474	0.0001549858502712226	4.50631810107793	4.510269883293444	0.00016046989179692192	0.0001610439259639561	0.0004519424431930529	0.0004523387707645616	1.3552390511976868e-05	1.356427523193414e-05
44.03408	44.03408	4.878787878787879	0.2888071378622566	0.288184575709766	0.00015468149916578688	0.00015139426097931366	4.563392875430561	4.56688206933792	0.0001612379857007205	0.00015548984849801038	0.000457666520452368	0.0004580164546522836	1.3724038171361902e-05	1.3734530961064139e-05
44.03408	44.03408	4.9393939393939394	0.28839315675209676	0.28846086440288055	0.00015714832303643107	0.00015310038649564816	4.625028027535948	4.625997778679183	0.0001663147083064497	0.00016229961111360056	0.0004638479618429393	0.0004639452190030271	1.3909401294906285e-05	1.3912317262638995e-05
44.03408	44.03408	5.0	0.28888711664972977	0.2893220012957931	0.0001576490919935477	0.00015774175410111608	4.685775757170887	4.685434160926241	0.00016931014732410467	0.00016519229014501206	0.00046994040288545657	0.000469906143909963	1.4092095323221621e-05	1.4091067509756323e-05
