# IV Measurement - T = 20.00 C - Pull number 1
# Td_go[C]	Td_return[C]	Vcc	Vd_go[V]	Vd_return[V]	ErrVd_go[V]	ErrVd_return[V]	Vr_go[V]	Vr_return[V]	ErrVr_go[V]	ErrVr_return[V]	Id_go[A]	Id_return[A]	ErrId_go[A]	ErrId_return[A]
#  - T Return Leg
20.02835	19.8212	-1.0	-0.9317364138687577	-0.9326648039983476	0.000510297547721886	0.0005419636805729057	-0.0883401638922086	-0.08690373124834598	0.000513550539632894	0.0005445371390523505	-8.859709546906889e-06	-8.71564850550055e-06	2.706221027105048e-07	2.670006480482039e-07
20.02296	19.8212	-0.8775510204081632	-0.8233365279967395	-0.8207853865215853	0.0005432564695200096	0.0005283805386873297	-0.07546366844600155	-0.07579207388834067	0.0005516869283737322	0.0005356587628042177	-7.5683149579782925e-06	-7.601251016782737e-06	2.3359787796451425e-07	2.3418356937082896e-07
20.02117	19.82298	-0.7551020408163265	-0.7106100625279175	-0.7093294929309097	0.0005418704599727798	0.0005882114392099143	-0.06280868742859867	-0.06454395774022881	0.0005498180179899798	0.0005937080240278673	-6.299136237949922e-06	-6.4731679611101e-06	1.9677596681174455e-07	2.0303784750241232e-07
20.01937	19.82475	-0.6326530612244898	-0.5972133200093102	-0.5970106464898844	0.0005084949664545035	0.0006072552683896446	-0.05383393971853331	-0.052274692805509226	0.000518188974902641	0.0006150164334109584	-5.399051220392469e-06	-5.242673032344722e-06	1.7003770460532197e-07	1.6887879726043231e-07
20.01759	19.82475	-0.5102040816326531	-0.4857928720387796	-0.4836716163464319	0.000607530753519231	0.0005351197882354853	-0.045279935449321296	-0.04528630342153539	0.0006152103883590986	0.0005403187909484174	-4.541162917392568e-06	-4.54180156669696e-06	1.4950151222775937e-07	1.4657927173154224e-07
20.0158	19.82832	-0.3877551020408163	-0.37093424460501867	-0.3682354149527258	0.0005205861889392103	0.0005530831990725435	-0.035708870231998056	-0.035427770982694395	0.0005280924595916738	0.0005602421761462102	-3.5812727140706106e-06	-3.5530810332659108e-06	1.197413639464413e-07	1.2045360029474135e-07
20.01402	19.8301	-0.26530612244897966	-0.25802419139384003	-0.25645915193985996	0.0005448265389559446	0.0005400259702038285	-0.026241514521338716	-0.028695458250699774	0.0005512908707388243	0.0005459838372322573	-2.6317836246453432e-06	-2.87789171103197e-06	9.63595359954359e-08	1.0220521414064382e-07
20.01043	19.83189	-0.1428571428571429	-0.14256663196619532	-0.14070621641710798	0.0005953372509418292	0.0005174988086638503	-0.01808823511039944	-0.019618368122434955	0.0006008141489536362	0.00052449431860551	-1.8140843556713912e-06	-1.9675426860329914e-06	8.117907724168386e-08	7.904455811230339e-08
20.00683	19.83723	-0.020408163265306145	-0.031183446839006302	-0.030805365131529754	0.000589267485821892	0.0004921084965415173	-0.010712758375945054	-0.008558109235762851	0.0005950255420084661	0.0004946260603442522	-1.0743915731566597e-06	-8.582999935576022e-07	6.781711864661755e-08	5.588592115844653e-08
20.00503	19.83901	0.1020408163265305	0.08034242836270236	0.08150212059497262	0.000436554363987911	0.00048262994117771393	0.003072992480564224	0.0047718771105378045	0.0004387625430971623	0.00048675572041496874	3.0819300777898143e-07	4.785755802364662e-07	4.4963880300762467e-08	5.088285888845527e-08
20.00324	19.84078	0.22448979591836737	0.16197214133150023	0.16276193185750576	0.00046356795862405006	0.00038359132684617965	0.042073186220083415	0.04190625361482353	0.00046436296332767643	0.00038139764773702917	4.219555332472512e-06	4.202813520692361e-06	1.3483007245445588e-07	1.3170640855023038e-07
20.00146	19.84257	0.346938775510204	0.2016125369442075	0.19971031419214524	0.0003036817729420233	0.00041444649307300854	0.12562553445740124	0.1274235779817354	0.00030302327606482164	0.0004191113612535373	1.2599090809086475e-05	1.2779418110694554e-05	3.7902877502252475e-07	3.8551423192310144e-07
19.99789	19.84436	0.46938775510204067	0.21924195205484923	0.21877071340678914	0.0002604295173781544	0.0003344201047504867	0.22839642607410882	0.2327634905698313	0.0002601007062655074	0.00033074804326641347	2.2906070211022848e-05	2.3344046792681907e-05	6.873786105339119e-07	7.008025281814253e-07
19.99432	19.84614	0.5918367346938775	0.2308238807746627	0.23112061969747136	0.0002623347438158102	0.0002937470627613085	0.34018345662270344	0.3438796098660317	0.00025710911839367523	0.0002863635263338941	3.411728579106443e-05	3.4487976117343466e-05	1.0233986604893682e-06	1.0345883338811092e-06
19.98895	19.84792	0.7142857142857142	0.24090575309966722	0.24032863202956017	0.00020959560175824016	0.0001520704420738555	0.45330230238410824	0.45475374605854096	0.00021113758737628508	0.0001483891846470983	4.5462070242112954e-05	4.5607636752436164e-05	1.3634338246031987e-06	1.3677154470283674e-06
19.98716	19.84792	0.8367346938775511	0.24732132519019745	0.2475021863111464	0.00020167912736206533	0.00019576410585535488	0.5673599696387355	0.5693358605707735	0.00019621185585662958	0.00019458143421464388	5.690100989256198e-05	5.709917366069336e-05	1.7064019009664633e-06	1.7123419652961293e-06
19.98537	19.8497	0.9591836734693877	0.2536010219731085	0.2538464103880192	0.00015712491481545654	0.00014793782339869447	0.6834494750133935	0.6875704621883516	0.00015355137540153487	0.0001463998182324933	6.854372430181461e-05	6.895702158142129e-05	2.05547575811982e-06	2.0678637252581783e-06
19.98358	19.85148	1.0816326530612246	0.2593135967067151	0.25986890396973944	0.0001495492919561733	0.00014860550076708305	0.8002130757750864	0.804378641057456	0.00014661345741846208	0.00014485466722498724	8.025404430599603e-05	8.067181236159423e-05	2.406619911920824e-06	2.4191462084897877e-06
19.98179	19.85326	1.204081632653061	0.26434408066880993	0.26465808829462817	0.00014486642969812957	0.00014530267791908845	0.9197503834666982	0.9212991653782059	0.0001454130840592211	0.00014430902518385486	9.224254171765102e-05	9.239787036187001e-05	2.7661120552029752e-06	2.770769244171592e-06
19.98001	19.85682	1.3265306122448979	0.26863521527170625	0.267897683612223	0.0001428837902039968	0.00014101343735830485	1.0387245789846684	1.044233331605835	0.00014393237762091445	0.00014227373761068255	0.00010417456413445677	0.00010472704158116889	3.123912067221053e-06	3.140478251386943e-06
19.97822	19.85861	1.4489795918367347	0.2700643816728615	0.27054743537220266	0.0001416600766135474	0.0001446199988908535	1.1579148325206965	1.1594931811195266	0.00013909024656046974	0.00014561285934833193	0.00011612825519212681	0.00011628654910435529	3.4823615368678286e-06	3.487110930583408e-06
19.97464	19.86039	1.5714285714285712	0.2732867053230157	0.27310357559684434	0.00014595966675711973	0.00014734025487887802	1.2742895323919998	1.2776045178001028	0.0001461564819927125	0.00014694911285617209	0.00012779957199799416	0.00012813203468058397	3.832348966169262e-06	3.842318743410644e-06
19.97285	19.86218	1.693877551020408	0.27757784344605724	0.27664400021732144	0.0001359792139787932	0.00014377568743948276	1.3963981367263545	1.4003899463816047	0.00013646110228447106	0.0001459279647084083	0.00014004594691869967	0.0001404462888759006	4.199574815229297e-06	4.21158298307963e-06
19.97106	19.86218	1.816326530612245	0.2793114745495253	0.2790774457111803	0.0001451771667418204	0.0001441667876643961	1.516097827952151	1.519059390376548	0.00014575753602677832	0.000143563129594318	0.0001520507299119598	0.00015234774750542051	4.5595629221345464e-06	4.56846883288883e-06
19.96926	19.86395	1.9387755102040813	0.28129413051398966	0.28175809836632015	0.00014965748240002878	0.00014439927677685488	1.6342801223441634	1.6385653129654	0.00015253699964744497	0.00014345470984455312	0.0001639033318969174	0.0001643330972786481	4.9149868243971255e-06	4.927871376868281e-06
19.96747	19.86927	2.061224489795918	0.2844664709421183	0.2850072366074203	0.00014266740693859745	0.00013497162271150574	1.7553484726845645	1.7586661863284834	0.00014342073651434114	0.0001398196457251001	0.00017604537886717125	0.00017637811516683216	5.279085715475851e-06	5.289062459499622e-06
19.96568	19.87283	2.183673469387755	0.28747476397094107	0.2881495849902465	0.00013879893764574402	0.00014278538143765426	1.8788439301232969	1.88047049227177	0.00014290804854793398	0.00014926506759304936	0.0001884308424554505	0.0001885939717452382	5.650486725148418e-06	5.655380112945869e-06
19.96388	19.87461	2.306122448979592	0.28907070432097515	0.28957647926675756	0.00014868547508507305	0.00014289670354404547	1.9978731649768935	1.999899544832016	0.000143143322236618	0.00014237179927370502	0.00020036838481364894	0.00020057161215846113	6.008456329878275e-06	6.014550299015277e-06
19.96209	19.87461	2.4285714285714284	0.2910556324100836	0.29132192541837515	0.00014295331607307743	0.00013838876544113526	2.117079338231983	2.123297208092006	0.00014754780331980647	0.0001435701254629441	0.00021232367247337106	0.00021294726788607018	6.3669591345422345e-06	6.385657904268046e-06
19.96031	19.8764	2.5510204081632653	0.29175272025090143	0.29199311103824993	0.00014538682410545145	0.00013906313502986102	2.2364515336197166	2.2421831638179754	0.00014483133473462603	0.00014637773688758632	0.0002242956106328068	0.00022487044065971071	6.725959679762543e-06	6.743197381808791e-06
19.95852	19.8764	2.673469387755102	0.2944824507983544	0.29424069673621933	0.00014171070293894403	0.0001408920243778479	2.359547627619561	2.3640047535963196	0.00014641512854426117	0.0001454737389864504	0.00023664102172495847	0.00023708803064851264	7.096160564081636e-06	7.109564780752884e-06
19.95674	19.87818	2.7959183673469385	0.2956285104688515	0.29568713128466995	0.00014267647486688914	0.00014901053003210716	2.4783030392448344	2.483705810037475	0.00014225249378544568	0.00015051117826200082	0.00024855110212063325	0.00024909295056037257	7.453306155783975e-06	7.469556142650873e-06
19.95316	19.87997	2.9183673469387754	0.29777475940769293	0.297098575113601	0.00013920857984596577	0.0001382074107513359	2.598163294119169	2.604790079337599	0.00014240794843509822	0.00014081547074200538	0.00026057198817763203	0.00026123659405652384	7.813775410050926e-06	7.833704598652836e-06
19.95138	19.88175	3.040816326530612	0.29920892448306524	0.29932752938948853	0.0001394609005472204	0.00014208589663558332	2.71942859775799	2.7221227039381457	0.00014412593581961293	0.00014774859109592273	0.00027273378776030387	0.0002730039819414448	8.178470554958097e-06	8.186573494561704e-06
19.94959	19.88354	3.163265306122449	0.3011611339772982	0.3010897892634727	0.00014389957403967792	0.00015015651872574644	2.8409345176065988	2.8466438610690132	0.0001506370213575477	0.00015943997664723088	0.0002849197189456021	0.00028549231381697055	8.543890196054258e-06	8.561062153501599e-06
19.94781	19.88354	3.2857142857142856	0.30368909985635273	0.3037045503039329	0.00014053063267296714	0.00014160078351603173	2.9633314998584597	2.967329223333316	0.00014396057753043504	0.00014644660211607263	0.00029719501553088554	0.0002975959505900427	8.911987389026529e-06	8.924010604590305e-06
19.94602	19.88533	3.408163265306122	0.3048537909489318	0.3051773414982552	0.00014632838282994725	0.00014523482404278325	3.08522131857689	3.0866281856700746	0.00014760697666149392	0.00014632727480585531	0.00030941944825763616	0.00030956054414502804	9.278561105211094e-06	9.282791933083559e-06
19.94424	19.88711	3.5306122448979593	0.3057939961266711	0.3055281575433083	0.0001431912072560519	0.00014931143270119105	3.204184597672364	3.2087527083336305	0.00014650436210826592	0.0001537000342448049	0.0003213503758572224	0.0003218085155283954	9.636332772339754e-06	9.65007209916204e-06
19.94245	19.89247	3.6530612244897958	0.30830560270828783	0.30859461696302076	0.00014355987903519232	0.0001480605463687299	3.3270191507692455	3.330431020721469	0.0001508211999022149	0.00015794137036951778	0.0003336695567916202	0.0003340117361068568	1.0005747816788408e-05	1.0016009827121152e-05
19.93708	19.89425	3.775510204081632	0.30898951222616977	0.3088436418240169	0.0001485494755141637	0.00014306103854105733	3.4473033308146426	3.4514497917569225	0.00015475474578899645	0.00014908359392364304	0.00034573295866158286	0.0003461488107268	1.036749277669215e-05	1.0379962068037696e-05
19.9335	19.89604	3.8979591836734695	0.31114575851344534	0.31137524310250203	0.000141184274725269	0.00014303357308626316	3.5669543524307823	3.5715829588260264	0.00014610319956989722	0.00014666103203643554	0.0003577328605386403	0.00035819706737799884	1.0727331770601545e-05	1.0741251987037233e-05
19.92993	19.8996	4.020408163265306	0.3123590730734086	0.3130670671125182	0.0001427958103909319	0.00014438408513783066	3.6892735553760794	3.6932530834065584	0.00014899325768851692	0.00014933321414935117	0.00037000035657166574	0.0003703994667943595	1.1095196765086056e-05	1.1107164903321935e-05
19.92814	19.90138	4.142857142857142	0.314424888799848	0.3146216547940293	0.00014381003173194047	0.00014379559542326828	3.8103291696816743	3.813709653430962	0.0001526559893027214	0.00015235502384353588	0.00038214112623424676	0.0003824801578007183	1.1459261731131483e-05	1.1469428208579455e-05
19.92814	19.90493	4.26530612244898	0.3148979451507549	0.3151528775358258	0.00014586881294015915	0.00014191168734606664	3.9333643137608028	3.935961536313858	0.00015739897099128138	0.00015259066633005933	0.0003944804246074419	0.00039474090224790473	1.1829280110201296e-05	1.1837090403140264e-05
19.92636	19.90672	4.387755102040816	0.3160567287192592	0.31700874894514797	0.00013601422626888956	0.00013888092525822225	4.053810876507461	4.058509985450192	0.00014614780509866404	0.00014528346047190172	0.00040656011197547494	0.00040703138957478603	1.2191511516803668e-05	1.2205643586363899e-05
19.92636	19.9085	4.5102040816326525	0.31659749438456114	0.3177244682080477	0.00014245024413107375	0.00014288475805957819	4.173261306957808	4.178392528327147	0.0001481358255258438	0.0001508658433122297	0.0004185398963953272	0.00041905451091436635	1.2550748841486385e-05	1.2566180883497513e-05
19.92458	19.91029	4.63265306122449	0.3181002776241861	0.318737381374399	0.00013940921242198116	0.00013972645095799597	4.294586195631224	4.29863395220678	0.00015196476241477108	0.00015050237818222187	0.00043070767181137536	0.00043111362473240194	1.2915623661843752e-05	1.2927796776199277e-05
19.9228	19.91207	4.755102040816326	0.3191554523089182	0.3198311821780812	0.00014732095988236475	0.00014058058446251656	4.415741423489795	4.418736644722888	0.00015884943552919802	0.00015111329845813578	0.000442858431801203	0.00044315882506497725	1.3279988605886432e-05	1.3288995573378444e-05
19.92102	19.91387	4.877551020408163	0.3204419292824223	0.3207004959412991	0.00014996657491158174	0.00015033907318183487	4.538350368258766	4.542022869038065	0.0001524692405721831	0.00015272289978543149	0.0004551549862861063	0.00045552330448681824	1.3648723930256496e-05	1.3659768695791205e-05
19.91745	19.91566	5.0	0.3218770032076522	0.3220496846806058	0.0001427130126982804	0.00014236090135843932	4.657340030304507	4.660812394801562	0.00014924855760279105	0.0001478740452790363	0.0004670885598540274	0.00046743680621818894	1.4006574981881896e-05	1.4017017679950113e-05
