# IV Measurement - T = 67.00 C - Pull number 2
# Td_go[C]	Td_return[C]	Vcc	Vd_go[V]	Vd_return[V]	ErrVd_go[V]	ErrVd_return[V]	Vr_go[V]	Vr_return[V]	ErrVr_go[V]	ErrVr_return[V]	Id_go[A]	Id_return[A]	ErrId_go[A]	ErrId_return[A]
#  - T Return Leg
66.86672	66.91112	-1.0	-0.7897708851287832	-0.7878023163371082	0.0004885825577516418	0.00040059398965478984	-0.2276586688480617	-0.23027863471932408	0.0004934794670922129	0.00040069791446215876	-2.283207991656421e-05	-2.309483850359283e-05	6.864511495778172e-07	6.937090175778855e-07
66.86672	66.91112	-0.8775510204081632	-0.6974390101407917	-0.6946433882287155	0.0004675440769909033	0.00043574565883436426	-0.19945127833858456	-0.20197390614767197	0.0004712389236703364	0.00044089146553259403	-2.0003136930958236e-05	-2.025613340163193e-05	6.01692278578881e-07	6.090271908219838e-07
66.86672	66.92226	-0.7551020408163265	-0.6003733911688581	-0.5992818624898201	0.00043786478702291	0.0005040326451494841	-0.17300827111088657	-0.17125389652620343	0.00044130070879669234	0.0005134204603790769	-1.7351145432843903e-05	-1.7175197726025817e-05	5.221871029190554e-07	5.175995819936637e-07
66.86672	66.92226	-0.6326530612244898	-0.5052722509141796	-0.5042120768140934	0.00041892452210945944	0.000417534118320285	-0.14553456203091464	-0.14698645979598168	0.00042226760270464833	0.00042282252805479184	-1.4595783976623672e-05	-1.47413960280796e-05	4.397272898697741e-07	4.440789655642594e-07
66.86672	66.92226	-0.5102040816326531	-0.407722214718062	-0.4068869822220884	0.00041841098408345424	0.00047230294427256196	-0.12116933901433025	-0.12028691796776728	0.00042294206447616317	0.0004794542102420356	-1.2152175209540693e-05	-1.2063676458506395e-05	3.668672098222324e-07	3.649347812617004e-07
66.86672	66.91112	-0.3877551020408163	-0.31378985538032195	-0.311089662723642	0.0005021994310389035	0.00041590265779172935	-0.09385846704616803	-0.09449389975036698	0.000507114707687142	0.00041685113697106246	-9.413144824608167e-06	-9.476872906465448e-06	2.8681684101525474e-07	2.8724125400684346e-07
66.86672	66.91112	-0.26530612244897966	-0.21637796439051302	-0.21303294246148502	0.0005270673903618447	0.0004815139978995492	-0.06883597351065077	-0.06976478784104309	0.0005341409747930488	0.00048793754612837904	-6.9036178428092235e-06	-6.996769415408995e-06	2.1383721956073985e-07	2.1544306943666472e-07
66.86672	66.91112	-0.1428571428571429	-0.1204188698301356	-0.11784182622083714	0.000513329909486854	0.0005005894430378191	-0.04338409665860297	-0.04222148737317005	0.0005211466462285825	0.0005080285725377178	-4.351027646033795e-06	-4.234428580199584e-06	1.4055337301111834e-07	1.3681845124836297e-07
66.86672	66.91112	-0.020408163265306145	-0.027055450312517434	-0.023938095501845745	0.0004959317015596394	0.0003872101475111374	-0.012899247444270187	-0.012658628670403118	0.0005019077135537105	0.00039026529343088565	-1.2936764060044316e-06	-1.2695445462243624e-06	6.355090913244578e-08	5.460083197036226e-08
66.86672	66.91112	0.1020408163265305	0.05620019505118326	0.05748803536786719	0.0003370049249479864	0.00034284895815014184	0.028033170919370173	0.028597646356290668	0.00033848160041160375	0.0003446555882200519	2.8114703559693282e-06	2.8680820736426305e-06	9.088519691015423e-08	9.269124201945106e-08
66.86672	66.91112	0.22448979591836737	0.10565435100474815	0.10615194657082815	0.0004032969180460415	0.0004102521942410416	0.10058530197860856	0.10332944335578832	0.00040321419857360243	0.0004097294951180828	1.0087784773704598e-05	1.0362997026957007e-05	3.0519298858102636e-07	3.13459898216726e-07
66.86672	66.91112	0.346938775510204	0.13015421593591567	0.13059001036450893	0.0003538200552180625	0.00034727912030725573	0.19455838348419197	0.20026181334294618	0.00036164679407449884	0.0003536224700334225	1.951242437911864e-05	2.0084426170188165e-05	5.862413883785676e-07	6.033142165985999e-07
66.86672	66.91112	0.46938775510204067	0.14594775507758112	0.14752688170627426	0.00030853744782812225	0.000243274676101992	0.3028189219412507	0.3047807123637686	0.0003072437620849854	0.0002426925008934858	3.0369965092894466e-05	3.056671470903306e-05	9.112241389270768e-07	9.16926026114425e-07
66.86672	66.91112	0.5918367346938775	0.1597022890334465	0.1596154945373473	0.00016327409318538268	0.00017860899216236268	0.40989501703988385	0.41213381454659603	0.00016385163543581758	0.000178330373878533	4.110871698323978e-05	4.133324787349273e-05	1.232835065655752e-06	1.2395875705645707e-06
66.86672	66.91112	0.7142857142857142	0.16704943291242236	0.1687339844938472	0.0002137917870313656	0.0002265850221255978	0.5245785650317312	0.5287154729568889	0.0002133516743580798	0.000224648457506675	5.261042674072121e-05	5.3025320725793696e-05	1.5777719751545e-06	1.5902278983910948e-06
66.86672	66.91112	0.8367346938775511	0.17494870246479177	0.17672459244230937	0.0001507886825141405	0.00016671515702270046	0.6378975474627789	0.6399557679699357	0.00014763798840130912	0.00016364581839034502	6.39752830671727e-05	6.418170373783328e-05	1.918481534112711e-06	1.924684299568561e-06
66.86672	66.91112	0.9591836734693877	0.1812547545577677	0.18315152187168826	0.0001554451089953141	0.00017209341514060205	0.7535076348504847	0.7584896643328888	0.00014608929994131735	0.0001613947496090109	7.556991624215071e-05	7.606956818101381e-05	2.2661595845431077e-06	2.281152692721152e-06
66.86672	66.91112	1.0816326530612246	0.18831151927749415	0.18819700419543017	0.00015146938607043479	0.0001801276820411917	0.8712032356337396	0.87410111690608	0.00014566078202655664	0.00017665682087839377	8.737370731458626e-05	8.766433827159562e-05	2.620112782686759e-06	2.6288468997631078e-06
66.86672	66.91112	1.204081632653061	0.19118030385301737	0.19419904865535337	0.0001694554999878578	0.00015303353996066953	0.9891808437657461	0.9928783615803263	0.00017093942291479327	0.00014953496776306854	9.920578114188608e-05	9.957660832216691e-05	2.974929405553474e-06	2.9860376492545744e-06
66.86672	66.91112	1.3265306122448979	0.19559276991206018	0.19717553193901002	0.00017040028171791996	0.0001592819302009062	1.1079212440667752	1.1112694342008664	0.00016751051083114756	0.0001551416630704505	0.00011111435603919117	0.00011145014885175674	3.3320243450958805e-06	3.342087618520204e-06
66.86672	66.91112	1.4489795918367347	0.19943856808440952	0.200982703992261	0.0001648980062605298	0.00015672069260650264	1.225039178122165	1.2282167956236356	0.00016256829855058248	0.0001552110785095103	0.00012286021242825844	0.00012317889836762968	3.684240620789298e-06	3.6937937675043023e-06
66.86672	66.91112	1.5714285714285712	0.20279631388379712	0.20468626716203775	0.00016076463330226957	0.00015259608247209782	1.3434761911165851	1.346910347777931	0.00015680005280855981	0.0001492363023160881	0.00013473836035669291	0.00013508277482478497	4.040424720296403e-06	4.050749712032487e-06
66.86672	66.91112	1.693877551020408	0.20662757045784796	0.20785088236653088	0.00016045539015908066	0.00015704407067996374	1.4661083335000906	1.4692181780093192	0.00015660654878049286	0.00015761461311568654	0.00014703724134992383	0.00014734913027874026	4.409228170717616e-06	4.418581073546221e-06
66.86672	66.91112	1.816326530612245	0.20967448960649523	0.21013891188375444	0.00015930348126209698	0.00016302364923205434	1.5844393652359554	1.5884302646461077	0.0001613828441926267	0.0001611624965941027	0.00015890476032854833	0.00015930501099650063	4.765098527429476e-06	4.77710068519275e-06
66.86672	66.91112	1.9387755102040813	0.21342622127370414	0.21347211819152578	0.00014796403601811348	0.00014974969792535072	1.7054312998153796	1.7086421225072155	0.00013903259025765648	0.00014397321015394005	0.00017103914349768124	0.00017136115961360098	5.128963282966521e-06	5.138620900872789e-06
66.87782	66.91112	2.061224489795918	0.21670217167094696	0.21581104384535063	0.00015668959171849894	0.00015405802489611804	1.8221880778192576	1.826892644947719	0.00015637942512960993	0.00015151370641388373	0.00018274877924172677	0.00018322060424708845	5.480103175578278e-06	5.494250345086805e-06
66.88892	66.91112	2.183673469387755	0.2194464432755219	0.21976953940034685	0.00014405342568876055	0.00014911895029018108	1.9445454877991837	1.9472486921728744	0.00014013514320547837	0.00014472298375529106	0.00019502010709048076	0.0001952912137371251	5.8480774655245275e-06	5.8562082291535925e-06
66.88892	66.91112	2.306122448979592	0.22120961199979391	0.22274329613457894	0.00015377245136523256	0.00015244545372868648	2.063115318628798	2.065893118935472	0.00015302434148885516	0.00015288185553162067	0.00020691157543163151	0.0002071901633673124	6.204668569191713e-06	6.213022514283523e-06
66.90002	66.91112	2.4285714285714284	0.22317818079146468	0.2241933660812402	0.00015338099229419863	0.00016237939256290496	2.183831611073524	2.1884524844890683	0.00014692612320529855	0.0001533238450440444	0.00021901831421858629	0.0002194817455108884	6.567710437631306e-06	6.5816087671751265e-06
66.88892	66.91112	2.5510204081632653	0.22631144067571435	0.2275788318022078	0.00014660806411875604	0.00015370612303008976	2.301956593515107	2.3065333458721198	0.0001477259119399557	0.0001527696828269468	0.0002308651683396958	0.00023132417469382406	6.922960927184443e-06	6.936726200746804e-06
66.87782	66.91112	2.673469387755102	0.2297918812055865	0.22916522922808782	0.00014612185128755326	0.00015271922672450248	2.4230445026311744	2.4282712435711553	0.00014626624934682412	0.00015116049626999245	0.00024300917687605802	0.0002435333711334024	7.287121763611605e-06	7.302841727665656e-06
66.88892	66.91112	2.7959183673469385	0.23044443540337947	0.23040808140868999	0.00014544976505515944	0.00014881479537419794	2.5424894740937294	2.5468665455575876	0.0001440880542546389	0.0001504459986257175	0.00025498841380942026	0.000255427393998354	7.646341578991396e-06	7.65950646739544e-06
66.87782	66.91112	2.9183673469387754	0.23344454878348336	0.2338144506755471	0.00014255050317913908	0.00015178207993675984	2.6618343788426992	2.666610357504067	0.00014108133377698978	0.00014855350029056885	0.0002669576149676762	0.0002674366018959048	8.00526041068095e-06	8.0196251083671e-06
66.87782	66.91112	3.040816326530612	0.23581710133647862	0.23630878910986855	0.00014754859163767587	0.00014963123468019154	2.783055559634907	2.7864287657012037	0.00014690060539900433	0.00014522944037105955	0.00027911498943284594	0.000279453291114352	8.369823601413408e-06	8.379967932463351e-06
66.88892	66.91112	3.163265306122449	0.23767524487018327	0.23804014808842933	0.00015781255085168118	0.00015131086314223966	2.9049567506761305	2.9094302514232817	0.00015785063832155017	0.00015261120363281087	0.0002913405626994414	0.0002917892138625295	8.736432781563012e-06	8.749885510034983e-06
66.88892	66.91112	3.2857142857142856	0.23932571621233903	0.23940296845023928	0.0001459817367263332	0.00014940434812587403	3.0249389068105295	3.029144042000641	0.00014684548928074555	0.00014773347518454063	0.0003033736743366292	0.00030379541089164985	9.09726682261872e-06	9.109913548606058e-06
66.90002	66.91112	3.408163265306122	0.24062855248275378	0.24126474738363612	0.00014806310380087123	0.00015030721990781906	3.146104141278125	3.1471384819689665	0.00014856634255858926	0.00015124856891162662	0.00031552543789771585	0.00031562917279801087	9.461661108178064e-06	9.464772226153445e-06
66.91112	66.91112	3.5306122448979593	0.24258666950110036	0.2433610095803067	0.00015164189982463304	0.00015303464468532045	3.2655691248236596	3.2707767618803985	0.00015365354786495323	0.00015633855154754947	0.0003275066818597593	0.00032802896017254023	9.820942575975934e-06	9.836604522287314e-06
66.90002	66.91112	3.6530612244897958	0.24566267184480634	0.24480199102924502	0.00015189295868694918	0.00015273596953372932	3.3876317896094434	3.3936995568525146	0.00014961152813209637	0.00015463964127159947	0.00033974844946439107	0.00034035699095903265	1.0188034957561749e-05	1.0206284002407942e-05
66.88892	66.91112	3.775510204081632	0.2459294192780267	0.24723816307304328	0.00014443034921788665	0.0001527754681276992	3.5076403264110523	3.5128379574958037	0.0001443579925166687	0.00015201978280720326	0.00035178420684094395	0.0003523054816463548	1.0548949644641825e-05	1.0564582158798916e-05
66.87782	66.91112	3.8979591836734695	0.24794479383736642	0.24899633312255082	0.00014688923708775634	0.0001466206975418418	3.6305303717975357	3.633481927857224	0.0001487487980313766	0.0001486426049941863	0.0003641089531438708	0.00036440496719057506	1.0918531602531968e-05	1.092740814174509e-05
66.87782	66.91112	4.020408163265306	0.25094081739311097	0.2518960185935015	0.00014912668430468613	0.00014413942144937924	3.748428837002306	3.7536501190467835	0.00015474535295647722	0.0001452811896056393	0.00037593308966024527	0.00037645673644035537	1.1273102028531054e-05	1.1288803324879295e-05
66.88892	66.91112	4.142857142857142	0.2520823328143198	0.2531393251987672	0.00015098353594063103	0.00014244811773671964	3.8718019379275592	3.8763641354618885	0.00015577630189917351	0.00014662723668684997	0.00038830628201058664	0.00038876382864927174	1.1644136277578807e-05	1.1657855505457071e-05
66.90002	66.91112	4.26530612244898	0.2532915575499237	0.2538241435665068	0.00014190713591348694	0.0001484276674640771	3.9913010378717457	3.9965546152898264	0.00014744890311782196	0.00015050811286919336	0.00040029094753502617	0.00040081783324539427	1.2003518617800787e-05	1.2019318689097845e-05
66.91112	66.91112	4.387755102040816	0.25475753237031373	0.2560562788168961	0.0001489266871592612	0.00014891215780171195	4.114550874068596	4.1161296764224415	0.00014903961500871662	0.00014814710041400925	0.00041265177756178876	0.00041281011698149047	1.2374182279279766e-05	1.2378930286249724e-05
66.90002	66.91112	4.5102040816326525	0.2578303537390297	0.2574022854560763	0.00014798927117195794	0.00014462451440413527	4.2342796754956655	4.2356342342438165	0.00015214198392794002	0.0001503191429884953	0.00042465948004168747	0.00042479532988103666	1.2734256913280567e-05	1.2738330416683332e-05
66.90002	66.90002	4.63265306122449	0.2601033872330133	0.25856197787443824	0.000146301732679824	0.0001509537323277033	4.353753758394246	4.357327555818269	0.00015332528801378185	0.00015351243595398533	0.00043664163658552267	0.000437000055743483	1.3093565276496049e-05	1.3104313192866303e-05
66.90002	66.90002	4.755102040816326	0.25803257283235687	0.25919044755100346	0.0001531293865684544	0.00014719304728147786	4.476060224684196	4.479235568602396	0.0001593265286805505	0.00015586308985200575	0.00044890785524864064	0.0004492263131684281	1.3461392366017518e-05	1.34709415373508e-05
66.90002	66.90002	4.877551020408163	0.2618270209880472	0.2617688545971576	0.00014342133682956413	0.00014226371709380803	4.594663259750711	4.597596166067192	0.0001523473944225544	0.00015056081803068024	0.0004608026536707162	0.00046109679731894414	1.3818080200082002e-05	1.3826900472317155e-05
66.91112	66.90002	5.0	0.2626045420302656	0.2624863915487685	0.00014645078525404317	0.00014682749197793927	4.716183281272656	4.718854645785522	0.00015446003363531126	0.00015354118450225005	0.0004729899991247273	0.0004732579125248744	1.4183541679581494e-05	1.419157548350286e-05
