# IV Measurement - T = 47.00 C - Pull number 2
# Td_go[C]	Td_return[C]	Vcc	Vd_go[V]	Vd_return[V]	ErrVd_go[V]	ErrVd_return[V]	Vr_go[V]	Vr_return[V]	ErrVr_go[V]	ErrVr_return[V]	Id_go[A]	Id_return[A]	ErrId_go[A]	ErrId_return[A]
#  - T Go Leg
47.1639	47.10731	-1.0	-0.8180311170275549	-0.817713474002727	0.0004671265125247907	0.0005050084710219398	-0.20079446664516176	-0.20043922474416687	0.00047484216426312996	0.0005119490309003029	-2.0137846419131657e-05	-2.0102218909253522e-05	6.057477126282751e-07	6.049871279270986e-07
47.1639	47.10731	-0.8775510204081632	-0.7236107051029572	-0.7221433670057424	0.00048267868845114825	0.0004513875035833759	-0.17483087772169972	-0.1748922831677299	0.00048568709415754564	0.0004558230745399688	-1.75339361871126e-05	-1.754009459108714e-05	5.280409452501573e-07	5.279570629016185e-07
47.1639	47.10731	-0.7551020408163265	-0.6242884118981415	-0.6225316051233034	0.0004697689555502687	0.000475058678621067	-0.14739992400396829	-0.1478243058500958	0.0004780008261917358	0.0004861304868812995	-1.4782862702233305e-05	-1.48254243155246e-05	4.4587775254779205e-07	4.472348160060304e-07
47.15875	47.11244	-0.6326530612244898	-0.5278880701674291	-0.5246557456300435	0.00045971444111698486	0.00048370683480781725	-0.12366967600453639	-0.12386935745174701	0.00046504741477744883	0.000490968501274973	-1.2402936115187683e-05	-1.2422962335948953e-05	3.7483932394838766e-07	3.757669959682661e-07
47.15875	47.11758	-0.5102040816326531	-0.426343185026532	-0.4265554018918998	0.0004578335776336079	0.0005016945110566042	-0.10182343829728252	-0.10132810100308376	0.0004630395934268271	0.000503837084853025	-1.0211958509405528e-05	-1.0162280714380077e-05	3.0972677148824254e-07	3.0889689432014815e-07
47.15875	47.11758	-0.3877551020408163	-0.3283573553236711	-0.32614521477015007	0.0005254028474264013	0.0005041767847006019	-0.07940089490679716	-0.08096969047728146	0.0005298780736003238	0.000509001236667661	-7.963182720569367e-06	-8.120518551527576e-06	2.446334401298678e-07	2.4880289504651113e-07
47.15875	47.11758	-0.26530612244897966	-0.22626534198624254	-0.22434812321262415	0.000453952916895161	0.00046450986167728074	-0.058329273495700634	-0.05941683230174479	0.000457998693007782	0.00046948964111034674	-5.849892036475844e-06	-5.958964226431129e-06	1.813344869913541e-07	1.847907002473318e-07
47.15875	47.11758	-0.1428571428571429	-0.12532620473927478	-0.12320267698663842	0.00046563413900444227	0.0004816417189584318	-0.03749554137607916	-0.03697518725848093	0.000474534614089351	0.0004878469386959696	-3.7604594700711224e-06	-3.7082727167266004e-06	1.2239623702358322e-07	1.2148750285303267e-07
47.15875	47.11758	-0.020408163265306145	-0.027278118904803916	-0.027298567896324913	0.00046016023812953463	0.00045328379697278217	-0.0120582196853806	-0.012475776877544191	0.00046458065695327344	0.00045970996833083846	-1.2093290227039014e-06	-1.2512061856929285e-06	5.9042443980658184e-08	5.944227656758741e-08
47.15875	47.11758	0.1020408163265305	0.06503148929334095	0.06673694605001833	0.00047491759094419727	0.000480455085441818	0.019590603876856287	0.019331791211619594	0.00047553840602692477	0.00048339699534370647	1.964758186426265e-06	1.9388016459351713e-06	7.580085162679483e-08	7.569977224924461e-08
47.15875	47.11758	0.22448979591836737	0.12736586552317464	0.12869233153710716	0.0003173295078231951	0.00036191518414568186	0.07697286004943886	0.0796733347414357	0.00032439072651158606	0.00036619579384138226	7.71967305680863e-06	7.990505941373554e-06	2.337644806327102e-07	2.424092333740581e-07
47.15875	47.11758	0.346938775510204	0.15821677311362772	0.1581049854157613	0.0002593576579916344	0.0002782188534514018	0.16729618288062675	0.1696941794366534	0.00026326488893641377	0.00027842565472995873	1.6778275286393217e-05	1.7018772383577715e-05	5.038218156285929e-07	5.11104637469391e-07
47.15875	47.11758	0.46938775510204067	0.1768872765668288	0.17668369419871513	0.00019811585159379625	0.00022443425051083161	0.2730136262153214	0.2759410740727139	0.00019408381616788496	0.00022198549829224827	2.738076684538375e-05	2.7674363060145813e-05	8.212967119215631e-07	8.301686538046751e-07
47.15875	47.11758	0.5918367346938775	0.18967570291382732	0.18975204630186998	0.0002225152265438313	0.00018761848650459937	0.381659881634542	0.38132601792784593	0.0002212621051301924	0.00017835335174939441	3.8276991438626215e-05	3.824350796588566e-05	1.1480251794796015e-06	1.1469461159357557e-06
47.15875	47.11758	0.7142857142857142	0.19870149238569168	0.19811937251632825	0.00020082246586855177	0.00018956310850885667	0.4967591669437084	0.49534775129865466	0.00020054113661495957	0.00018852048956452915	4.982039584231355e-05	4.967884377681824e-05	1.4940977019692395e-06	1.4898375843029656e-06
47.15875	47.11758	0.8367346938775511	0.2056187471167304	0.20533882136057408	0.00020205531945680723	0.000190306709016988	0.6102564535129917	0.610609875088281	0.0002013864947527062	0.0001914764762217946	6.12031344411786e-05	6.123857938905637e-05	1.8354072090988075e-06	1.8364593694142976e-06
47.15875	47.11758	0.9591836734693877	0.2127845738192407	0.21190117175773865	0.00015859400966118057	0.00015206935551197976	0.7291610560413153	0.7299661497246139	0.00015254982618057497	0.0001483996992453319	7.312817731835476e-05	7.320892084290581e-05	2.192945257839859e-06	2.1953635908451907e-06
47.15875	47.11758	1.0816326530612246	0.21778824671039643	0.21714296331057492	0.00015246430485589283	0.00015217684090382914	0.8432705774805592	0.8468066217037781	0.00015074727398668998	0.00015074839167527457	8.457231746871519e-05	8.492695032632415e-05	2.5361119499949395e-06	2.546746124581945e-06
47.15875	47.11758	1.204081632653061	0.22288553113685947	0.2227178483384226	0.0001488045774085253	0.00014574286857175676	0.9607669513612407	0.9632049737503636	0.0001498766883245306	0.00014261763477318304	9.635612790705453e-05	9.660063922879989e-05	2.889466661588434e-06	2.896795028247623e-06
47.15875	47.11758	1.3265306122448979	0.2268313027935534	0.22615739062484258	0.00015931013085673763	0.0001633279216828103	1.0789164932152557	1.0825507874082765	0.00015277587274744738	0.00016075612981803953	0.0001082054451123514	0.00010856993154230033	3.2447887671714283e-06	3.255722351471763e-06
47.15875	47.11758	1.4489795918367347	0.230454432751676	0.22957648378932335	0.00015906642178372426	0.00015628334441354408	1.198228193983573	1.1992402458305262	0.00015042754197552152	0.0001521295150870885	0.00012017131621538191	0.00012027281574872392	3.6036042957134094e-06	3.6066486497718068e-06
47.15875	47.11758	1.5714285714285712	0.23383762634691718	0.23298784810052386	0.00014698210197305482	0.0001464256635447712	1.316129387567786	1.3191196048825091	0.00014511631985479484	0.00014246655525385855	0.00013199572636323197	0.00013229561777981238	3.958177612363715e-06	3.967169418270639e-06
47.15875	47.11758	1.693877551020408	0.2378533768255453	0.23653145732499292	0.00014605945856428914	0.00016265521667087118	1.4372978059597403	1.440733326731614	0.00014434685353428178	0.00016285177802748615	0.00014414780924277808	0.00014449236051866554	4.3225791474195835e-06	4.332917733798804e-06
47.15875	47.11758	1.816326530612245	0.24099981765013104	0.23997690554810625	0.0001454695427098168	0.0001460447206908735	1.5568578564106987	1.558571295899876	0.00013985595797906357	0.00014188867507401522	0.00015613858754495022	0.0001563104298365135	4.682142930428688e-06	4.687296550104682e-06
47.15875	47.11758	1.9387755102040813	0.24417897445219208	0.24254440798294807	0.00014390388090026318	0.00014878919065428273	1.6767817910112037	1.6803678693049853	0.00014239853915542808	0.0001444052663888602	0.00016816586009539702	0.00016852551091214374	5.042803510777874e-06	5.05358887581601e-06
47.1536	47.11758	2.061224489795918	0.24629795842682278	0.24474291578824314	0.0001391219795634038	0.00015358625852750573	1.7968785705827433	1.7992897580053733	0.00013605632661459655	0.00014649064120796944	0.00018021046741377428	0.00018045228743409622	5.403981699929038e-06	5.411235864650944e-06
47.1536	47.11758	2.183673469387755	0.24817428003974684	0.24870868375560362	0.0001566793098899268	0.00015007432220909178	1.916546876568192	1.9183521970262811	0.0001566460682118036	0.00014749013269682134	0.00019221210275480814	0.0001923931598662402	5.763878467880529e-06	5.76930537309555e-06
47.14845	47.11758	2.306122448979592	0.251104410367488	0.2509476337670433	0.00015206075333031653	0.00014548396458997117	2.037113521901993	2.0387419031170544	0.00014930123988693276	0.00014402745666340546	0.00020430383330678897	0.0002044671450322991	6.126469622973419e-06	6.131365562040983e-06
47.14845	47.11758	2.4285714285714284	0.2535210421389804	0.2514352317156727	0.0001483462341420637	0.0001438581832699554	2.1578994072014916	2.160551212467398	0.0001470159446398375	0.00014242485917969144	0.00021641755161984672	0.00021668350340661897	6.489721687024981e-06	6.49769572413232e-06
47.14845	47.11758	2.5510204081632653	0.25577680748566867	0.2550801740697796	0.00014876681042754969	0.0001487168026004345	2.2775267757462014	2.2779743532501437	0.00014425254344153677	0.0001441085183221589	0.00022841508131042035	0.00022845996923579818	6.849489685499763e-06	6.8508357045312985e-06
47.14845	47.11758	2.673469387755102	0.25827977999363777	0.2564479931055435	0.0001503284191164181	0.00015200763498987154	2.39729151103128	2.40145480123737	0.00015325164291341332	0.0001502132570493654	0.00024042638762724702	0.0002408439275135262	7.209673378126977e-06	7.222193460448952e-06
47.14845	47.11758	2.7959183673469385	0.2592481595169643	0.25913909753404624	0.000138245745159489	0.00013979151166471998	2.5177499004764314	2.5185122385536176	0.00013961016930687305	0.00014112514557381312	0.0002525072611048472	0.0002525837166335992	7.571938637074255e-06	7.574231584600576e-06
47.14845	47.11758	2.9183673469387754	0.2618956391522999	0.26153800673331434	0.00014044130557410483	0.0001416323899552988	2.6362960795969292	2.6407700352016277	0.00013460307990808296	0.00013410847777022944	0.00026439635739614173	0.00026484505417727686	7.928455064999598e-06	7.941910014779219e-06
47.14845	47.11758	3.040816326530612	0.2634643140066044	0.26337706442027	0.0001483290255261619	0.0001404009944367406	2.7579234459912856	2.7629586938547703	0.00015038411210618587	0.00014191021845203844	0.0002765944685579466	0.0002770994578131351	8.294241583318846e-06	8.309383152942665e-06
47.14845	47.11758	3.163265306122449	0.2658123276138441	0.2648357684417988	0.0001451102523222551	0.00015247612609449752	2.878070259633388	2.8830108966738566	0.00015141795590192545	0.00015289753726671295	0.0002886440938354616	0.00028913959449141074	8.655572849773116e-06	8.670431647544187e-06
47.1433	47.12272	3.2857142857142856	0.26796902832604846	0.26751505782215224	0.00014289243041226056	0.00014800567755071515	2.9993860511059087	3.001259145870781	0.0001446360163529199	0.00014799588313834755	0.000300810956885559	0.0003009988111393823	9.020418453807078e-06	9.026052172755465e-06
47.1433	47.12272	3.408163265306122	0.2686924728127382	0.26854569356072766	0.00014578854563511776	0.00014585636383351497	3.1189770328959	3.1226904694557014	0.00014946419307393724	0.00014799500923103154	0.0003128048373178116	0.0003131772610024773	9.380078806956915e-06	9.39124641363386e-06
47.13815	47.12272	3.5306122448979593	0.27049926632974725	0.27083690405186434	0.00014391731271911742	0.00015058831051925484	3.2390556170736406	3.2440244551356994	0.00015063515175735737	0.00015182032208705795	0.000324847619804798	0.0003253459487649884	9.741205007456481e-06	9.756148545981349e-06
47.13815	47.12272	3.6530612244897958	0.2730190525600828	0.2732299057270578	0.00014490346152512743	0.00014111360540990588	3.3628717475087333	3.365238359046347	0.00014785619455428853	0.0001444348280324302	0.00033726524395835255	0.0003375025934255689	1.0113570989644675e-05	1.0120687874566245e-05
47.13815	47.12272	3.775510204081632	0.27447911985639817	0.2738215669843882	0.00014912812773734265	0.00014225219504144916	3.483457951261413	3.4864031376646683	0.00015288525619996634	0.00014719604043196704	0.00034935893604065923	0.00034965431126914736	1.047622442659401e-05	1.0485081004059236e-05
47.13815	47.12786	3.8979591836734695	0.2760832398551511	0.2756688043200627	0.00013902386136089477	0.00013660611545457786	3.6034196388424338	3.6061692384474453	0.0001428927854636133	0.00014447546089829398	0.0003613899948693645	0.0003616657545328899	1.0836997587668311e-05	1.0845266985950347e-05
47.13815	47.12786	4.020408163265306	0.27736517257936705	0.27688121003016825	0.00014237417512270352	0.00013913622035703117	3.724724058935281	3.730221892876655	0.00014799529330740096	0.00014653177688540018	0.0003735557174742033	0.0003741070998773097	1.1201811009212295e-05	1.1218345084758366e-05
47.13815	47.133	4.142857142857142	0.27937736616420494	0.27852713712237304	0.00015207980281333215	0.0001417220527607563	3.8452165619069847	3.8494790104762036	0.00015628673066727283	0.00014578481704252536	0.0003856400122261543	0.00038606749678830643	1.1564183088097265e-05	1.1577000661656523e-05
47.13815	47.12786	4.26530612244898	0.28032893196516495	0.27965910962007656	0.000141029141829772	0.0001493043061692767	3.966272176312648	3.9701061511957074	0.0001483611025275723	0.00015177458752474335	0.00039778078189877124	0.00039816529447354404	1.1928246547023653e-05	1.1939777333634112e-05
47.13815	47.12786	4.387755102040816	0.280996936610538	0.2810791875226553	0.00014991977961123872	0.00014748136657926497	4.089982780856772	4.091404657759683	0.00015123515029502648	0.00014962313056998816	0.0004101878227717152	0.0004103304240055845	1.2300296083927904e-05	1.2304572060261348e-05
47.13815	47.12786	4.5102040816326525	0.28258060748749375	0.28226114676252967	0.00014620195801415717	0.00013665153945556432	4.208724546826438	4.209112992830637	0.0001509731315314565	0.00014224539120265826	0.0004220965346330797	0.000422135492210474	1.2657401880951626e-05	1.26585690827967e-05
47.13815	47.12786	4.63265306122449	0.28401704468751016	0.28344356042733276	0.0001506898522576148	0.00014201916292007344	4.330483821867551	4.332694418314714	0.00015545428921169338	0.0001467454340753069	0.00043430787502432566	0.00043452957760653027	1.3023583159174637e-05	1.3030230325592995e-05
47.13815	47.133	4.755102040816326	0.28494316269245595	0.284389218704218	0.00014469346047810502	0.00014390307908676225	4.451028179025427	4.454382281175596	0.00014922107840712349	0.00015217430386007912	0.0004463973702763441	0.0004467337560099886	1.3386109429979933e-05	1.3396196944109018e-05
47.13815	47.133	4.877551020408163	0.28653183224362877	0.28621600587247364	0.00014148484052015547	0.0001425965175446973	4.5712068326868875	4.573024888792483	0.00014521928893485706	0.00014526874160927076	0.0004584501888162559	0.0004586325231965182	1.3747536192846473e-05	1.3753003849199426e-05
47.13815	47.13815	5.0	0.2880346154724034	0.28823910670122505	0.00014309677614742628	0.00013449639750880957	4.692539908655787	4.6931626054067	0.00015045019112006433	0.0001405082286820396	0.0004706187853430736	0.00047068123612543374	1.4112435788486216e-05	1.4114307465956443e-05
