# IV Measurement - T = 48.00 C - Pull number 1
# Td_go[C]	Td_return[C]	Vcc	Vd_go[V]	Vd_return[V]	ErrVd_go[V]	ErrVd_return[V]	Vr_go[V]	Vr_return[V]	ErrVr_go[V]	ErrVr_return[V]	Id_go[A]	Id_return[A]	ErrId_go[A]	ErrId_return[A]
#  - T Return Leg
47.50088	47.73685	-1.0	-0.8316824963148134	-0.8286960156825742	0.0005063559898383466	0.0004874955119382753	-0.18481176508466762	-0.18731346861482634	0.0005125835302590825	0.0004968546185435259	-1.8534927799084108e-05	-1.8785825756175542e-05	5.58178495707117e-07	5.655294350699924e-07
47.50088	47.73158	-0.8775510204081632	-0.7357970186329825	-0.7334835411203211	0.0004385775841302722	0.0004571798403519908	-0.16010175606237298	-0.16100282418894007	0.00044145030310438786	0.0004623807452795346	-1.605674015268007e-05	-1.6147109035095785e-05	4.835240532798023e-07	4.864182512378763e-07
47.5061	47.73158	-0.7551020408163265	-0.6343193873875972	-0.6325989346015185	0.0004372854688034251	0.0004448082796871075	-0.13562190575710623	-0.13758005534159767	0.00044228470165694986	0.0004502434621759371	-1.360163531813321e-05	-1.3798019791555277e-05	4.1027660922952817e-07	4.162173901287556e-07
47.51132	47.7263	-0.6326530612244898	-0.5366180280796126	-0.5343104582910382	0.00043195697346574334	0.0005154713756156069	-0.11334991852819287	-0.11411816894335536	0.00043317409919126353	0.0005196879011023112	-1.1367958933727095e-05	-1.1445007415841476e-05	3.4364763775986954e-07	3.471360216408763e-07
47.51132	47.7263	-0.5102040816326531	-0.4349272719317586	-0.43356945063279595	0.00048306546787515585	0.0005102215856119275	-0.09327807394384185	-0.09253802456134747	0.00048783576418259616	0.0005161702739820349	-9.354936710845637e-06	-9.280716534083589e-06	2.847606226367565e-07	2.8307420229864275e-07
47.51132	47.72103	-0.3877551020408163	-0.33505875974905625	-0.33117751663150996	0.0005255835719816509	0.0004505178254801557	-0.07321168151317359	-0.07343228517606458	0.0005297834463710005	0.0004553436093092359	-7.34246128905562e-06	-7.364585816474233e-06	2.2649824433376137e-07	2.2551374498469509e-07
47.51132	47.72103	-0.26530612244897966	-0.2293104434325608	-0.2276663340410102	0.0005259698330969795	0.0004416958288215778	-0.053556478085098246	-0.05514073880349574	0.0005300422528623178	0.0004446737111244343	-5.371224359151363e-06	-5.530111202837803e-06	1.6961219376486345e-07	1.717232205388137e-07
47.51132	47.72103	-0.1428571428571429	-0.12748154208606788	-0.12454641145342633	0.000459858638242629	0.0005057075472606267	-0.031127114571189177	-0.03328949541552874	0.00046402217387728835	0.000513071532618917	-3.121764574384633e-06	-3.338631573114907e-06	1.0454166371673237e-07	1.1256489586140685e-07
47.51132	47.71577	-0.020408163265306145	-0.02725039901064508	-0.02620158625003995	0.0005138498210519926	0.0004238138518140814	-0.011230383519797793	-0.011655672906517246	0.0005229786261223687	0.0004271261021568587	-1.1263046354225046e-06	-1.1689572667252276e-06	6.238359456283356e-08	5.535106939207113e-08
47.51132	47.7105	0.1020408163265305	0.06799615746504395	0.06938079018015128	0.00037003078049803283	0.0004705004172383306	0.018607661714651405	0.01835840106020194	0.0003722720099833775	0.0004715326029390979	1.8661780879201089e-06	1.8411795266474717e-06	6.727237506450409e-08	7.269579589238381e-08
47.51132	47.70524	0.22448979591836737	0.12808294770306627	0.1294484949270248	0.0003172097395434299	0.0003923772955614754	0.07733310540112884	0.08025373053071813	0.0003218804477184271	0.0003984726983023596	7.755802366977118e-06	8.048714324613191e-06	2.3480264869156188e-07	2.4464261830679657e-07
47.51653	47.69998	0.346938775510204	0.15938419158326886	0.15988769440440717	0.00031614510538764315	0.00037022289011284895	0.16958546904649996	0.17077127729315744	0.00031751223857493427	0.00037429819137941575	1.7007869726857883e-05	1.7126795436080378e-05	5.11007481878773e-07	5.149506302389002e-07
47.52175	47.69998	0.46938775510204067	0.17750483985543364	0.1781337641465963	0.00020807283048088324	0.00020143799972039547	0.2728935443182816	0.2764623382426491	0.00020811199511309983	0.0001996086587415457	2.7368723730647036e-05	2.772664108340679e-05	8.209702401145172e-07	8.316787054395396e-07
47.52697	47.69998	0.5918367346938775	0.19027009133887818	0.18851555607053666	0.00026661436912308125	0.0002628247097318324	0.38197418624517493	0.38703354080469876	0.0002649639961147236	0.00026102152797142017	3.830851331312556e-05	3.8815920249192536e-05	1.1490632529444657e-06	1.1642658719982243e-06
47.53219	47.69998	0.7142857142857142	0.19922726049280406	0.1992404403496736	0.00022781568840020655	0.00017069673040812842	0.49616012266251736	0.4984903457851762	0.00022661891547054273	0.00017032726320249236	4.97603171860914e-05	4.9994017228480215e-05	1.4923338289234478e-06	1.4992660230755804e-06
47.53219	47.69472	0.8367346938775511	0.2060536317788868	0.20555421877683722	0.0002023861880196014	0.00016161629188858777	0.6121300020204836	0.6128900641403773	0.00020113844372754175	0.0001583128530044746	6.139103420123193e-05	6.146726147230741e-05	1.8410411392327192e-06	1.843284827514854e-06
47.53219	47.68946	0.9591836734693877	0.21358208956946306	0.21174803055601207	0.00015039757784279998	0.00018779860713011916	0.7281171633841578	0.7311578703179705	0.00014669469309023606	0.00018326644164130183	7.302348444330135e-05	7.332843950636552e-05	2.1898018891383033e-06	2.1989739579427616e-06
47.53219	47.68421	1.0816326530612246	0.21809725566184923	0.21670171670512972	0.00016364352599383341	0.00017896261106946083	0.8437481766970547	0.8487311139996925	0.0001609776868820677	0.00017397312374043674	8.462021629696668e-05	8.511995928188672e-05	2.5375545852084395e-06	2.55254863380655e-06
47.53219	47.67895	1.204081632653061	0.2225933359080666	0.22112508896273791	0.00016886928699264857	0.00015120874549789834	0.9626391352997874	0.9663161846096049	0.00016896205320813827	0.00015077841765838803	9.654389081333742e-05	9.691266519001152e-05	2.8951075953367483e-06	2.9061557686878965e-06
47.53219	47.67895	1.3265306122448979	0.2263464313952339	0.2260865003353723	0.00016722487630698932	0.00016156880705471354	1.0795592035976347	1.0830693223213803	0.0001647266126847526	0.0001611798235005489	0.00010826990307869168	0.00010862193584609169	3.246727521685506e-06	3.2572819940517476e-06
47.53742	47.67895	1.4489795918367347	0.23013497202684952	0.22897573403282384	0.00016526769986282086	0.00016903694422686525	1.1966853251894956	1.2017051060978345	0.00015693031188848523	0.00016106316308640454	0.00012001658060269737	0.00012052001866390879	3.5989670783756455e-06	3.6140653415240697e-06
47.54264	47.67895	1.5714285714285712	0.2326261258561937	0.23296876588300341	0.00016719311686256292	0.0001540380118696951	1.317164637973246	1.3209599489738313	0.00016456191030913688	0.00014970591602526167	0.00013209955249957335	0.00013248018744096193	3.961298666930009e-06	3.972706743474763e-06
47.54787	47.67895	1.693877551020408	0.23740986071200904	0.23713720575443747	0.00014823351641373068	0.0001486220759923535	1.437911405606913	1.4419905464705567	0.00014434058126848117	0.00014777636395392984	0.0001442093476689312	0.00014461844814668104	4.3244244854274385e-06	4.336693261347301e-06
47.5531	47.67895	1.816326530612245	0.2404272422398113	0.23911258933261492	0.0001644875499401941	0.00015156625128311167	1.5572049106574393	1.5584744117450593	0.00016040366507998318	0.00014880707830413188	0.00015617339390807736	0.00015630071324291038	4.683193288226111e-06	4.687007338273592e-06
47.5531	47.67369	1.9387755102040813	0.24289431464238764	0.24329829840423822	0.00014911973645011502	0.000145388257882857	1.6763683275633599	1.6808131724514765	0.0001489371324274387	0.0001430127334692667	0.00016812439349747868	0.0001685701707402945	5.041561958688817e-06	5.054927684700193e-06
47.5531	47.67369	2.061224489795918	0.24686826118035413	0.2458839767847213	0.00014823344575093364	0.00014189053330747512	1.7957373389187279	1.802234945264069	0.00014349325961319869	0.0001391619656008135	0.0001800960123276229	0.00018074766274837718	5.400551486544925e-06	5.420091297991023e-06
47.5531	47.66843	2.183673469387755	0.24984429003936875	0.2486068909579983	0.00015643334107225406	0.00015070113667257418	1.9142534969402436	1.9214524899778338	0.0001588219813021051	0.00014765154601626183	0.00019198209777757935	0.0001927040908612811	5.756981942620678e-06	5.778629259952258e-06
47.5531	47.66318	2.306122448979592	0.2507326907757091	0.25072951250715025	0.00015074458838953124	0.00015963171748541483	2.038719615212895	2.0408692608263412	0.0001504767086587084	0.00015732419319907127	0.0002044649097595923	0.00020468049953127482	6.131300091093388e-06	6.137766680826411e-06
47.55833	47.66318	2.4285714285714284	0.25258083696124106	0.2523490802475402	0.00015612552705938739	0.00014246638689743767	2.1589483032607233	2.162087713288858	0.00015188551928628025	0.00013969569029955952	0.00021652274629031424	0.00021683760036995866	6.492877274884325e-06	6.502316017277459e-06
47.56356	47.65792	2.5510204081632653	0.255469161808854	0.2550856271689255	0.0001480198494591885	0.00015148778321651682	2.2771774469626367	2.2821431010383866	0.00014408641285309766	0.00014956748897331255	0.0002283800468320767	0.0002288780564675947	6.848439075089497e-06	6.863374017415144e-06
47.56879	47.65792	2.673469387755102	0.25762995234541775	0.25662067457849697	0.0001469902594794104	0.00015012212761186642	2.3976335628214973	2.4012910526899836	0.00014742996002764684	0.00015032607905809308	0.00024046069228979012	0.00024082750503359577	7.210700847535496e-06	7.221701024848497e-06
47.57403	47.65792	2.7959183673469385	0.2594176600154161	0.2585347123787087	0.00015155970856134792	0.000146438661619545	2.5190867206530916	2.5221046848098636	0.00015033610828289347	0.00014757214660174713	0.00025264133192790005	0.0002529440060986725	7.575961071372191e-06	7.585036786388686e-06
47.57403	47.65268	2.9183673469387754	0.2616629735887413	0.2607504883316603	0.00014817638932102808	0.000145095964728984	2.636920594887375	2.6416351697644718	0.00014396200431722307	0.0001390081682454896	0.00026445899056136543	0.0002649318192522788	7.930334893942981e-06	7.944512679187464e-06
47.57403	47.65268	3.040816326530612	0.26367198619907745	0.2622937153899508	0.00014899855216749246	0.00015100091784269663	2.7595627450406663	2.763119711646811	0.00014752024537455566	0.000148800474918511	0.0002767588752422692	0.0002771156064233087	8.299171115203224e-06	8.309868612252486e-06
47.57403	47.64744	3.163265306122449	0.26546014829400466	0.26495664547286635	0.00015077778934242744	0.00014824002992660276	2.881357498069354	2.8843863797773643	0.0001524658480118135	0.0001500772745911123	0.00028897377375081276	0.00028927754285200727	8.665459118541565e-06	8.674567797968682e-06
47.57403	47.6422	3.2857142857142856	0.26654713272375447	0.26565373331368386	0.00015296693331788458	0.00014385260719922935	3.0001752248552376	3.003748567203785	0.00015860671656196007	0.00014565506880995845	0.0003008901037865046	0.00030124847730456176	9.022794187214152e-06	9.03353850981918e-06
47.57403	47.6422	3.408163265306122	0.26862521792327204	0.2675904923603371	0.00014484339605589492	0.00014248448414370032	3.119824428105681	3.123522400760277	0.0001468651578024613	0.00014806794416202468	0.0003128898232981327	0.0003132606960947023	9.382626862267756e-06	9.393748387026209e-06
47.57926	47.63696	3.5306122448979593	0.27034657955366187	0.27036066672645553	0.00014934507410784483	0.00015015678172451558	3.241227550591247	3.2435727827477736	0.00015176425550441643	0.00015143438325440511	0.00032506544484918736	0.00032530065016024204	9.747737087135183e-06	9.754790119748715e-06
47.57926	47.63696	3.6530612244897958	0.27169304061777094	0.2716794078699063	0.00013677014368329175	0.00014253981540677494	3.3638455924639574	3.3673306918589594	0.0001431348998022244	0.00014468951268318427	0.0003373629116902976	0.0003377124352481155	1.0116499062110203e-05	1.012698042349154e-05
47.5845	47.63696	3.775510204081632	0.2726414254442292	0.27325535352307206	0.0001433768786272265	0.0001406251217072674	3.4833442365226803	3.487886876216582	0.00015218944671045376	0.00014618254639491064	0.00034934753149359947	0.00034980311665997214	1.0475882337333128e-05	1.0489543078710714e-05
47.58973	47.63171	3.8979591836734695	0.27427644633814224	0.275808312773212	0.00015090211801828976	0.0001444590845051398	3.60666366521686	3.6079163372204555	0.00014822472161672324	0.0001510422421353151	0.0003617153410106168	0.00036184097254241855	1.0846754441272961e-05	1.0850522136542107e-05
47.58973	47.62646	4.020408163265306	0.27696391536721443	0.27653266610975924	0.0001433401877509545	0.0001450367747177618	3.7257943331901346	3.727833903139471	0.00014798272888883856	0.0001516906421781594	0.0003736630561819411	0.00037386760637242715	1.120502976648897e-05	1.1211164098387265e-05
47.59496	47.62646	4.142857142857142	0.27863483583050463	0.2784208016890279	0.00014587179324025178	0.00013788149902309177	3.847485834439267	3.85108282986533	0.00015084456777294365	0.00014421519221029014	0.0003858675994824257	0.000386228345187577	1.1571007005812053e-05	1.1581823815023089e-05
47.59496	47.62121	4.26530612244898	0.2799222216538664	0.27877843410801334	0.00014989901217034258	0.00015308728925790267	3.9680697640144884	3.9730495191103525	0.00015716259955610368	0.00015787569382329136	0.00039796106348555693	0.00039846048732427566	1.1933653773182828e-05	1.1948630058459783e-05
47.59496	47.62121	4.387755102040816	0.28008626905317224	0.2800871779030299	0.00014676835879999352	0.0001491377372695787	4.0902588779552405	4.0939477535212685	0.00014760693382490222	0.00015255069543466013	0.0004102155127825936	0.0004105854732244778	1.2301125979321325e-05	1.2312220567204048e-05
47.59496	47.62121	4.5102040816326525	0.28213890645667566	0.2823502140485794	0.00013645501781913281	0.00015292158199669862	4.207818930149253	4.212975168227063	0.00014322772551724093	0.00015861503079015853	0.0004220057095726861	0.000422522833038518	1.2654677409662978e-05	1.2670186205044277e-05
47.59496	47.61596	4.63265306122449	0.2831490930734541	0.2836453250957312	0.00014152398341812927	0.00014560319098171792	4.330980069115162	4.332109474544318	0.00014974115563204293	0.00015235088304861932	0.0004343576440793463	0.0004344709131024288	1.3025074907644532e-05	1.3028471803622098e-05
47.59496	47.61596	4.755102040816326	0.2843596787863367	0.2851072100917618	0.00014789460209756444	0.0001506698964736631	4.451009984974222	4.455609480624491	0.00015546611660221822	0.00015758944268651236	0.00044639554557960307	0.0004468568328777947	1.3386055427775558e-05	1.3399888272647972e-05
47.60021	47.61596	4.877551020408163	0.2864436738074367	0.2859415332018225	0.00014946618751585916	0.0001464211475863776	4.571030348874357	4.573847266970664	0.0001530344770681532	0.0001479614615449729	0.0004584324891058427	0.00045871500019763954	1.374700628532402e-05	1.3755477371206203e-05
47.60546	47.61071	5.0	0.28735252366508707	0.28752702282692066	0.0001453971459653498	0.00014032574984936983	4.694024555985941	4.693728900114433	0.0001545970671205652	0.00014675425693022164	0.00047076768187603456	0.0004707380302993113	1.4116901191291213e-05	1.4116011189091698e-05
