# IV Measurement - T = 36.00 C - Pull number 1
# Td_go[C]	Td_return[C]	Vcc	Vd_go[V]	Vd_return[V]	ErrVd_go[V]	ErrVd_return[V]	Vr_go[V]	Vr_return[V]	ErrVr_go[V]	ErrVr_return[V]	Id_go[A]	Id_return[A]	ErrId_go[A]	ErrId_return[A]
#  - T Return Leg
35.56962	35.76535	-1.0	-0.8542106121609832	-0.852856880298352	0.0004809841125846162	0.00013705925088184476	-0.162293249351273	-0.16362915903309525	0.00048483318285063974	0.00013289177483376952	-1.627652686303009e-05	-1.641050637178771e-05	4.904996653209961e-07	4.922816831878652e-07
35.57287	35.76208	-0.8775510204081632	-0.7565328825602049	-0.7558144365787178	0.0005166114978325879	0.0001342638340429946	-0.13887593976018928	-0.13940811930409158	0.0005242001958723081	0.0001303346190371631	-1.392798513290435e-05	-1.3981357868227016e-05	4.2095372686554976e-07	4.194621656156768e-07
35.56962	35.75881	-0.7551020408163265	-0.652579998786388	-0.6520869480691651	0.00043574307842045735	0.0001441856773641504	-0.11726622468417877	-0.11913613435766125	0.00044232890815993964	0.0001366246039406353	-1.1760728581303657e-05	-1.1948263399625038e-05	3.554476522539699e-07	3.585540342266923e-07
35.57287	35.75555	-0.6326530612244898	-0.5541233851878166	-0.5521193707869981	0.0005065634587994751	0.0004926301190259072	-0.09696967652211438	-0.09854210783214001	0.0005105082424535343	0.0004989848889999586	-9.725170647087994e-06	-9.882871109431352e-06	2.9608858166472847e-07	3.0055282764841384e-07
35.57287	35.75228	-0.5102040816326531	-0.44834235025588837	-0.4461406618001539	0.00045746839289936256	0.0005292600081805669	-0.08142363594581971	-0.0809892492223811	0.0004642284798602458	0.0005330973330935928	-8.166045125445763e-06	-8.122480114570363e-06	2.49261599263654e-07	2.4936739764751094e-07
35.57287	35.74902	-0.3877551020408163	-0.34301255927828356	-0.33995564278207646	0.0004572251364478654	0.00044396476619686976	-0.0628623603042386	-0.06422328819944123	0.0004659363404408345	0.00045144563503625516	-6.304519135918022e-06	-6.441007742397075e-06	1.947428886132494e-07	1.983819041237195e-07
35.57612	35.74902	-0.26530612244897966	-0.23723515976181828	-0.23524705068123034	0.0004815188202910569	0.0004538410711580278	-0.046362488427690925	-0.0469024016636245	0.0004877671590323481	0.00045595941837932216	-4.64973306866823e-06	-4.7038814224876645e-06	1.4776377875392845e-07	1.4828231856260184e-07
35.57937	35.74902	-0.1428571428571429	-0.13061798300768745	-0.1283213193545369	0.0004543819459067674	0.00045269933505733765	-0.027502827777384657	-0.0279249334827243	0.000460710386606116	0.00045918812491572454	-2.758281794943803e-06	-2.8006151321556814e-06	9.47431338610798e-08	9.577988578646761e-08
35.57937	35.74246	-0.020408163265306145	-0.027637568932809956	-0.026676460186361932	0.0004667882565624486	0.00045432510578338015	-0.011258584011896463	-0.011466908099006846	0.00047427506473554464	0.00045694015441823934	-1.1291328865606723e-06	-1.1500258849670892e-06	5.838597020677868e-08	5.735307498850884e-08
35.57937	35.73918	0.1020408163265305	0.07205962508681339	0.07305118030396263	0.00047204585843199686	0.0004422998990449519	0.01509436051364919	0.013397750399161357	0.00047256315053008553	0.0004443273100962064	1.5138261471917751e-06	1.343671687810787e-06	6.562681258155379e-08	6.007715491328644e-08
35.58262	35.7359	0.22448979591836737	0.14277041588513167	0.14170069990296533	0.0003558021445720073	0.0004214158685495044	0.06443432198823715	0.0673717768759143	0.000359164046420692	0.00042591597329386035	6.46217249907102e-06	6.756772327340718e-06	1.9710035162659436e-07	2.070687825645797e-07
35.58262	35.7359	0.346938775510204	0.17540130629742604	0.17622881409644467	0.0003661833477164757	0.0002858704127772253	0.15232325977150707	0.15318157236257687	0.00036950231343699735	0.0002841080084604225	1.5276628198927597e-05	1.5362709092626304e-05	4.595961082276321e-07	4.6156130465054775e-07
35.58262	35.73262	0.46938775510204067	0.19531466167751665	0.19588723708820638	0.000310036797664082	0.00020599918664565675	0.25644279676177395	0.25898225327207347	0.000310738804760954	0.000204881499144717	2.571886438288777e-05	2.5973548618200128e-05	7.71860007131734e-07	7.791388137866798e-07
35.58587	35.73262	0.5918367346938775	0.20830939771067486	0.20759640499844817	0.0001838702916634797	0.0002693024377912185	0.3634515733228802	0.36726007580307213	0.0001754195850610947	0.0002660049517837827	3.645086484032496e-05	3.683282276632957e-05	1.0931922787275783e-06	1.1048266011036997e-06
35.58262	35.72935	0.7142857142857142	0.21831310750346214	0.2172870160137432	0.00022647491194095114	0.0001685553809859657	0.47695340824588917	0.4783548163700163	0.0002262100062043203	0.00016645253158502568	4.7834059597421436e-05	4.797460800020222e-05	1.4345775352728045e-06	1.43870960959554e-06
35.58587	35.72607	0.8367346938775511	0.2246150724164099	0.22379710754411966	0.0001992940050417954	0.0001602941019178125	0.5920968141249119	0.5943897400906037	0.00019800576780725534	0.0001512836336645658	5.938188889027298e-05	5.961184836933143e-05	1.7807931826028115e-06	1.7876426309478814e-06
35.58912	35.72607	0.9591836734693877	0.2309606621225249	0.23013678972601845	0.00018199315145738228	0.00015589501801066834	0.7077528425064225	0.7119879984068941	0.00017692843161101177	0.00015261165650000654	7.098112952626842e-05	7.1405876883652e-05	2.1285824086953187e-06	2.141300031372534e-06
35.58912	35.7228	1.0816326530612246	0.23610566116668372	0.23508365950137367	0.00017045030832642144	0.00017272529727457264	0.8257481911143306	0.8295862605275067	0.00016364851807252264	0.00016980559651166293	8.281498256085955e-05	8.319990577951125e-05	2.4834239847172586e-06	2.4949705502697075e-06
35.59237	35.71954	1.204081632653061	0.24126338410884965	0.24067035957673277	0.00016529491238557035	0.00016792998116211397	0.9439559570945366	0.9463284817495803	0.00016231100551334336	0.00016732350453845803	9.467013911288102e-05	9.490808161163177e-05	2.838916552310659e-06	2.8460545277087722e-06
35.59237	35.71627	1.3265306122448979	0.2440826363671593	0.24429167183454073	0.0001619151503455611	0.00015012915708212428	1.0627031813264454	1.0650975377113145	0.00015300285390163021	0.00013827310049477524	0.00010657939838796965	0.00010681953040931847	3.196029226657705e-06	3.2032232376479226e-06
35.59237	35.70974	1.4489795918367347	0.24798750978067602	0.2477889260867794	0.00014895045271693782	0.0001651466769250665	1.1814413084546154	1.1832962079069291	0.000140533938748184	0.0001562823239210322	0.00011848774530685141	0.00011867377473743147	3.5531154927575153e-06	3.558700512236237e-06
35.59562	35.70974	1.5714285714285712	0.2507226934272748	0.25157973884303914	0.00015824300364259544	0.0001551631452369783	1.3005001084895735	1.3021457738256959	0.00015440721788092564	0.00015517185761082782	0.00013042825278202522	0.00013059329794661476	3.911177741182122e-06	3.9161272095422e-06
35.59887	35.70648	1.693877551020408	0.25511289266465503	0.25433946143579456	0.00016074464880693213	0.00014478826434537173	1.4194370068411195	1.4230449181903575	0.00016019966231098348	0.0001411898934121256	0.00014235653463455216	0.0001427183751068456	4.268870256244177e-06	4.2797139435556e-06
35.59887	35.70321	1.816326530612245	0.25779445416965246	0.2576222271216277	0.00014908282521517888	0.00015654273329197116	1.540342064295289	1.543158527890644	0.0001462730944853676	0.00014946050759633313	0.0001544822048235171	0.00015476467033303018	4.632475262998417e-06	4.640946524627353e-06
35.60212	35.69994	1.9387755102040813	0.26021426638506573	0.258947330214082	0.00015725871941859234	0.00015377008525799867	1.6615163960825379	1.6644897844395203	0.0001550807106813405	0.00015087457469830046	0.00016663488076246495	0.0001669330843886792	4.996898074219108e-06	5.005838958968165e-06
35.60212	35.69668	2.061224489795918	0.2630685104200543	0.26307850776849073	0.00015230000617567584	0.0001549708119189312	1.7803027378605227	1.7839761483501955	0.0001541668209328659	0.00015399450239488542	0.00017854806316924308	0.0001789164726055757	5.3541363441296916e-06	5.365183728222843e-06
35.60212	35.69668	2.183673469387755	0.2655114983109619	0.2656023832967269	0.00014695936561536716	0.00015287534257029214	1.9010008359891881	1.9042330371804588	0.0001499321954026248	0.000153943233634258	0.0001906529772328942	0.00019097713741655388	5.717123394262959e-06	5.726845010228569e-06
35.60537	35.69341	2.306122448979592	0.2680608221616712	0.26795357787846846	0.00015916686490990043	0.0001426778730374061	2.0223666615322715	2.0231089851973465	0.00015604135003784497	0.00014414815048578922	0.00020282485824212932	0.00020289930650860963	6.082121488792309e-06	6.084351007735269e-06
35.60537	35.69341	2.4285714285714284	0.2699507754406552	0.26986398027924957	0.0001576040630985957	0.00014427025637770758	2.141088868728899	2.1452207732470003	0.00015753623105968398	0.00014440595355323058	0.00021473160853764908	0.00021514600072680776	6.4391680094425895e-06	6.451591244555755e-06
35.60537	35.69015	2.5510204081632653	0.2719593336260625	0.27195297167705895	0.0001450723781112629	0.00015092183108806942	2.259696452418419	2.2648831667284015	0.00014752643245575446	0.0001510286751225605	0.0002266268631449623	0.00022714704309782384	6.7958672824528654e-06	6.8114666341575005e-06
35.60537	35.68688	2.673469387755102	0.2736743333074488	0.2737833952903668	0.0001471891593265771	0.00014961680216965775	2.3817595709630712	2.3852937957655422	0.0001496671607075101	0.00015239338739629515	0.00023886867625745373	0.0002392231266438213	7.162961690665947e-06	7.173591135011487e-06
35.60537	35.68688	2.7959183673469385	0.27481539430372887	0.27539387723812336	0.0001532288253997806	0.00014821360206571522	2.5035183922139246	2.5051317635574173	0.00015226259142901689	0.0001495073747580199	0.0002510799711376918	0.00025124177751052225	7.529141087073869e-06	7.533992603676975e-06
35.60537	35.68362	2.9183673469387754	0.2773283641601322	0.277198853055417	0.00015640250581001324	0.00014957322890015001	2.6230688898796974	2.627312689683066	0.00014997636834541603	0.00014569634702766754	0.0002630697913829804	0.00026349540564467614	7.888678227137852e-06	7.901440277289904e-06
35.60863	35.68035	3.040816326530612	0.27971591273617974	0.2785957552866256	0.0001537504983969083	0.00014218418686927253	2.745386727329032	2.747599597813462	0.00015255315557921893	0.0001429340691927475	0.00027533715046926407	0.0002755590811165843	8.256538896185775e-06	8.263192180814289e-06
35.61189	35.67709	3.163265306122449	0.2824542773572804	0.28212209273430905	0.00014437337735023718	0.00014796936420498268	2.8644359754050646	2.866233108248638	0.00015025509192223845	0.00015430596221513258	0.0002872766999704207	0.00028745693593908714	8.614568720253457e-06	8.619974160963122e-06
35.61514	35.67382	3.2857142857142856	0.28420790315761674	0.2836321467727953	0.0001452552519206656	0.00014527878815970407	2.9836462433907815	2.9878040746383854	0.0001489271754146948	0.00014939759698711703	0.00029923239829413115	0.00029964939069685944	8.973083044574803e-06	8.985587441236132e-06
35.6184	35.67056	3.408163265306122	0.2852303592474735	0.2848345551344667	0.00014866637700520919	0.00014362683724766337	3.1052840724046353	3.107997737207384	0.00015369303301255213	0.00014924957061735193	0.00031143155876087007	0.00031170371449276745	9.33889909798457e-06	9.347059486252093e-06
35.6184	35.67056	3.5306122448979593	0.2868472031442335	0.28637232909361116	0.00014522424891502794	0.00014513468291401123	3.225383579864802	3.229395402613553	0.00014816737782755542	0.000147452535565701	0.0003234764396614985	0.0003238787887487266	9.700087147698619e-06	9.712152250998761e-06
35.6184	35.66729	3.6530612244897958	0.28807733142656317	0.28897845606042366	0.00014451853609956305	0.0001439678872077671	3.3472042605948187	3.3498274104578623	0.00015066714566710807	0.00014921514132429402	0.000335693938481077	0.00033595701639332686	1.0066452781817954e-05	1.0074341462977365e-05
35.62166	35.66403	3.775510204081632	0.28868671525611783	0.2893179114822561	0.00014977379307084645	0.00014100667394761768	3.4664745682917	3.469671290545467	0.0001530992387723691	0.000149761899667152	0.0003476556582380604	0.0003479762602091533	1.0425148386087039e-05	1.0434761767714499e-05
35.62492	35.66403	3.8979591836734695	0.29014496485271796	0.2913478276393182	0.00014578333616414356	0.0001531050416643528	3.5890889713229153	3.59324862200742	0.00015185721077099482	0.00015647701248253782	0.00035995276013668794	0.0003603699350122776	1.0793900553007039e-05	1.0806411010702445e-05
35.62818	35.66076	4.020408163265306	0.29337319954709207	0.292253042097538	0.00013902723959172955	0.00014550274783243982	3.7092594374347385	3.7150210880876213	0.0001436904782078094	0.00015015875848838813	0.00037200475754034084	0.0003725825983439596	1.1155301907229679e-05	1.1172630438683802e-05
35.63143	35.66076	4.142857142857142	0.29461105305321195	0.29381717270255425	0.000137332247607263	0.00014984659447425845	3.8324578738872614	3.8343446132065413	0.0001457870448716718	0.00015456697652985277	0.00038436043264339196	0.0003845496553210853	1.1525811034974455e-05	1.1531486393782859e-05
35.63143	35.66076	4.26530612244898	0.2947955495743149	0.294317040124262	0.00014266307987839864	0.00014728903688353842	3.9527952719559156	3.9570536267514718	0.00015045276736198936	0.00015646117674079503	0.00039642917179379356	0.00039685624578793217	1.1887716161965525e-05	1.1900523582671225e-05
35.63143	35.6575	4.387755102040816	0.296261524394705	0.29587071895591527	0.00014662907335301302	0.0001450341794641496	4.074336671701506	4.078126525554171	0.00015128585992388416	0.00015194349390141137	0.0004086186612878854	0.0004089987489273063	1.2253241740049429e-05	1.2264639486761914e-05
35.63143	35.65424	4.5102040816326525	0.2975916261613763	0.2974466646090811	0.00014723103444319428	0.000148605584518581	4.193065702161074	4.197895809053551	0.00015125985550385458	0.00015582265946259257	0.00042052609589420057	0.00042101051138838144	1.2610309262246638e-05	1.2624835959009878e-05
35.63469	35.65098	4.63265306122449	0.2992543669759477	0.29825735868210523	0.0001511692021806988	0.00014712812984087124	4.314726728469368	4.320025791401324	0.0001543527467774113	0.00015540298690034222	0.00043272758283716454	0.00043325903032808387	1.2976194898924987e-05	1.299213150934245e-05
35.63795	35.64772	4.755102040816326	0.2998483003579222	0.29928254132153487	0.00013919416135456568	0.00014637931657811228	4.435341588349934	4.43910642473218	0.00014543399637852256	0.00015695637076552758	0.0004448241488667069	0.00044520172748291846	1.3338932907921966e-05	1.3350256649388068e-05
35.64121	35.64446	4.877551020408163	0.3008303126291135	0.3015192197248213	0.00014244528986920052	0.0001413186994254942	4.557525698293834	4.5601793234550705	0.0001417127403780869	0.00014334488207753517	0.0004570780963086786	0.0004573442306142885	1.3706390960686873e-05	1.371437168636991e-05
35.64446	35.64446	5.0	0.3031660567525645	0.3019827342378818	0.00014819597512027725	0.00014395931349923542	4.677969077598293	4.680363435301559	0.00015466712335306858	0.00015162582545095137	0.0004691574644066085	0.0004693975965601804	1.4068615697884998e-05	1.4075816194495931e-05
