# IV Measurement - T = 24.00 C - Pull number 0
# Td_go[C]	Td_return[C]	Vcc	Vd_go[V]	Vd_return[V]	ErrVd_go[V]	ErrVd_return[V]	Vr_go[V]	Vr_return[V]	ErrVr_go[V]	ErrVr_return[V]	Id_go[A]	Id_return[A]	ErrId_go[A]	ErrId_return[A]
#  - T Go Leg
23.02519	23.89606	-1.0	-0.8538679757649882	-0.8512954762425653	0.0004758376760519346	0.0001363323572387242	-0.16166736860990916	-0.16260482515018015	0.0004811551783886967	0.00013162407764481213	-1.6213756755582104e-05	-1.6307775062699844e-05	4.885901185128363e-07	4.891987723791591e-07
23.03119	23.88778	-0.8775510204081632	-0.7567882692025417	-0.7534068933024594	0.0004431242145265013	0.00014043154280751245	-0.13743541338105897	-0.1368773060688047	0.00044324697030513214	0.00013224658419622938	-1.3783513527335169e-05	-1.372754047425581e-05	4.157093421058961e-07	4.118608481747876e-07
23.03719	23.87951	-0.7551020408163265	-0.6551411376935042	-0.6513344203870305	0.00042836158511761727	0.00013514010063486005	-0.11505926729540264	-0.11299376991331501	0.00043467006979220875	0.00012785992945401638	-1.1539390963333933e-05	-1.1332240488748874e-05	3.487664462848958e-07	3.4006132409913655e-07
23.04121	23.87125	-0.6326530612244898	-0.5546491543803658	-0.5507710920153944	0.0005271483632124901	0.0001408710661176139	-0.09444249800864934	-0.09492282819173117	0.0005358935918678731	0.00012904306293357154	-9.471717782433992e-06	-9.519890501627839e-06	2.8906829284680666e-07	2.857658036396764e-07
23.04922	23.86298	-0.5102040816326531	-0.4494925000581944	-0.448702254799518	0.0004430853429654561	0.0001419778969778487	-0.07800221525431213	-0.07706384898708588	0.0004468300398325988	0.00012953448360842755	-7.822907958510894e-06	-7.728798414109504e-06	2.388272153179508e-07	2.3212699879294668e-07
23.05523	23.85472	-0.3877551020408163	-0.34349379527790946	-0.3416620085523878	0.0004335359252660247	0.00012866947867276067	-0.05984348761974706	-0.05845390503034542	0.00043969119275863574	0.0001254185784706171	-6.0017538481342955e-06	-5.862391438205337e-06	1.8529791627587393e-07	1.762447323222861e-07
23.06124	23.8444	-0.26530612244897966	-0.23874430493125628	-0.23459449650192277	0.00046951032471982863	0.00014008349797667104	-0.04328266395185171	-0.0431061802783147	0.0004758041703094678	0.0001279202608955816	-4.340854874320701e-06	-4.323155177847227e-06	1.3864005863220782e-07	1.3027154571060236e-07
23.06725	23.83615	-0.1428571428571429	-0.1321080423516136	-0.12941875555764965	0.00044495595805638116	0.00013496175751660105	-0.027039785883598497	-0.024798259536886164	0.00045078872277482614	0.00013168708236610215	-2.7118429328651585e-06	-2.4870383649469624e-06	9.304232187760397e-08	7.573910060041824e-08
23.07127	23.82585	-0.020408163265306145	-0.030701301732474384	-0.028323750490109587	0.0005386857076263414	0.00013663790416352007	-0.007269048782006076	-0.007828521559116093	0.0005437524027938257	0.0001316596966697227	-7.290190333974603e-07	-7.851290300988961e-07	5.875199165816626e-08	2.6993615227171887e-08
23.07728	23.81761	0.1020408163265305	0.07227411363753249	0.07629304777251128	0.0004957065081785552	0.00014077005872792275	0.016679075717739383	0.01594675905776727	0.0004974909838862741	0.00013200925372543204	1.6727585716316702e-06	1.5993139161335144e-06	7.074963623184877e-08	4.975242330330099e-08
23.0833	23.81142	0.22448979591836737	0.1494800002595238	0.1529740732586813	0.00038131503221743203	0.0001392964030138758	0.05759420968374702	0.061117062479682654	0.00038239926366984156	0.0001314745030313626	5.776171866788388e-06	6.129481745028849e-06	1.774047956686041e-07	1.8427688496918522e-07
23.09132	23.80317	0.346938775510204	0.19080858426138855	0.19171561573871782	0.00030355583203120083	0.0001416484608228255	0.1394672336213533	0.14149452318951464	0.0003040423185869005	0.00013829652504530822	1.3987286492964928e-05	1.4190605073665093e-05	4.2054316591841837e-07	4.2575911593794906e-07
23.10538	23.79698	0.46938775510204067	0.21037294072209956	0.21160943078591415	0.00030885386565682426	0.00014101781219896806	0.24255288390937174	0.24683443593137977	0.0003077448452706758	0.00013797878632050686	2.4325833307529007e-05	2.4755233771074092e-05	7.301104926894e-07	7.424632265185793e-07
23.1114	23.78667	0.5918367346938775	0.22330496591388999	0.2243174240880294	0.0002772432808894212	0.0001424347247145616	0.35154755822565087	0.35375724472377246	0.00027497971837806245	0.00013330895130987035	3.525700112582999e-05	3.547861244847783e-05	1.0576099783507011e-06	1.0639798130888057e-06
23.11743	23.77638	0.7142857142857142	0.234252970728966	0.2335985988343552	0.00019558562933084155	0.00014894637091628633	0.46285971957194916	0.4659427280289825	0.00019175534183883948	0.00013829543229297792	4.642059167304675e-05	4.6729789191553754e-05	1.3921453657573433e-06	1.4013530607081325e-06
23.12547	23.76608	0.8367346938775511	0.24149832417547645	0.24172326213592604	0.0001891499530236535	0.00014768802467592915	0.5789087428349701	0.5823051475324458	0.0001823390971972883	0.00013656656679137113	5.8059246097178823e-05	5.83998743889726e-05	1.7411164540177662e-06	1.7512883839606556e-06
23.13149	23.7558	0.9591836734693877	0.24793615976371877	0.2470077696341289	0.0001687165232527749	0.00014453234516507716	0.6935304297206997	0.6987248767561719	0.00016297951568829185	0.00013833949023746284	6.95547517521512e-05	7.007570722657426e-05	2.0857997570486797e-06	2.101403384620087e-06
23.13953	23.74758	1.0816326530612246	0.25363919262047496	0.25194873188524525	0.00015433928218633346	0.00015164013747070575	0.8110968521325912	0.8161161776758328	0.00015008271511915959	0.00014438186553915487	8.134558741676775e-05	8.184897980902946e-05	2.4393534932680534e-06	2.4544449766658554e-06
23.14757	23.73935	1.204081632653061	0.2583252224865203	0.2576158651726242	0.0001631055801214598	0.00015234081471580276	0.9289775773862581	0.9343648806228626	0.0001589781938667401	0.0001486194245251614	9.31679447784834e-05	9.37082419639818e-05	2.7938691325819437e-06	2.8100650390251454e-06
23.1556	23.73113	1.3265306122448979	0.2614634810449871	0.26005658146534427	0.00015640276419727768	0.0001605180449407821	1.0479904354499034	1.052776420345495	0.00015534663963947547	0.00015210204941301018	0.0001051038446946047	0.00010558383515650336	3.151783524173594e-06	3.16617522046022e-06
23.16365	23.7229	1.4489795918367347	0.266267661392527	0.26357337598952246	0.00015677736028873418	0.000153064937394403	1.1668536466880912	1.1706676074449442	0.00015482410172551844	0.000152281877611114	0.00011702473640438183	0.00011740724174555654	3.5092506983222974e-06	3.520719644382052e-06
23.16968	23.71469	1.5714285714285712	0.2680330987066002	0.2664585198626336	0.00016400003330661842	0.0001421653588763185	1.2838087417699506	1.2893647978934057	0.00016071009039927706	0.00014215544676085074	0.00012875426153544786	0.00012931148309030244	3.860982814593803e-06	3.877684763092442e-06
23.17571	23.70647	1.693877551020408	0.2705265318254767	0.2701411769264406	0.0001550874765892087	0.00015263640878820806	1.4055057026690427	1.410041063227753	0.00015778509448533443	0.00015152931327693306	0.0001409593523888319	0.00014141420752459663	4.22697239124997e-06	4.240609724929065e-06
23.18176	23.69621	1.816326530612245	0.2743073472333023	0.2726609641618265	0.00014539281911341294	0.00015331404829337466	1.5252031193864548	1.530424856644601	0.00014662716344115558	0.0001513784941319093	0.00015296390726972768	0.00015348759970360056	4.586946475918758e-06	4.602651887827092e-06
23.18781	23.68801	1.9387755102040813	0.27649540274019646	0.2754315939814831	0.0001498984529815148	0.00015483077368827234	1.6474754713170963	1.6489387404534603	0.0001512882359098943	0.0001513810920162214	0.00016522670457497706	0.0001653734570708515	4.954670175063202e-06	4.95907084449394e-06
23.19587	23.6798	2.061224489795918	0.27949778929202185	0.27774143642043425	0.00015050048275551024	0.00014433921806958225	1.7665110738238186	1.7704260123314548	0.00015093718658334342	0.00014466768885777477	0.00017716488555047824	0.00017755751803544829	5.312658290682237e-06	5.324430347968242e-06
23.20393	23.66954	2.183673469387755	0.28050934024822305	0.28100148244572387	0.0001540461464199189	0.0001535195670825719	1.8892901343464055	1.8915748721938452	0.00015515940353542053	0.00015342133889973056	0.00018947850108779515	0.00018970763937356788	5.681905956635235e-06	5.688776617867553e-06
23.21199	23.66133	2.306122448979592	0.2837507516792186	0.28269012389534065	0.0001520489735766102	0.00015106142892018596	2.008349389628558	2.0116530028469084	0.0001530847689573688	0.00015109822058036792	0.00020141905422009406	0.00020175037637618177	6.039965076259046e-06	6.0498998868640305e-06
23.22005	23.65109	2.4285714285714284	0.28567069700350506	0.28457189752560574	0.0001530177758960286	0.00014650514484053348	2.1285043907973717	2.1320113237632725	0.00015284494929928	0.00014900850545098451	0.0002134695006315687	0.00021382121389662746	6.4013201980251e-06	6.4118660719083935e-06
23.22811	23.64085	2.5510204081632653	0.28687355979010537	0.28663044245318386	0.0001506584967261	0.00015415425811187762	2.2480862744213446	2.2509268450576525	0.00015456488011687613	0.00015752998157687222	0.00022546246860107757	0.00022574735182606082	6.760952292081275e-06	6.769495739635381e-06
23.23618	23.63266	2.673469387755102	0.28838952135266616	0.2883090881402641	0.0001518579870424786	0.00014722455755756343	2.3700270362713156	2.373068653657375	0.0001556514950165573	0.00014937857510134093	0.00023769201045745818	0.00023799705683054607	7.127678424847037e-06	7.136824468651469e-06
23.24426	23.62447	2.7959183673469385	0.29048805567398095	0.29027265825771775	0.00014700101582954407	0.000147502834598529	2.4899805373234836	2.4937726641524334	0.00014909330809211117	0.0001513929217954646	0.00024972224825227997	0.00025010256385040954	7.488426545018825e-06	7.499831495141532e-06
23.25233	23.61628	2.9183673469387754	0.29196266456801867	0.2922430447491038	0.00015523792519224084	0.00013755204899832996	2.611192166093684	2.6152640297271104	0.00015588915817866508	0.00014042350370463156	0.000261878664737106	0.0002622870353752994	7.852961180861869e-06	7.865204021292916e-06
23.25233	23.6081	3.040816326530612	0.29390169573931574	0.29450653531958215	0.0001405909197441929	0.00014737690425373944	2.730983282979605	2.733510913253393	0.00014562993444710795	0.00015319406704158325	0.00027389261688693257	0.0002741461150590104	8.213220532964707e-06	8.220823543834259e-06
23.2604	23.59992	3.163265306122449	0.2976411584786183	0.29603203980564824	0.0001436991493507666	0.00014935627810083228	2.851942014267064	2.855570847811736	0.00015058012236111404	0.00015938255145879395	0.00028602367006990917	0.00028638760884682943	8.57699427507713e-06	8.587909274305353e-06
23.27656	23.59174	3.2857142857142856	0.2991430328683856	0.2980710444612869	0.00014509580448991377	0.0001464182590748785	2.9724199613485727	2.976777474039393	0.00014946379148847124	0.0001506062563427468	0.0002981065049993554	0.00029854352362244436	8.939321061944636e-06	8.9524260970572e-06
23.28465	23.58357	3.408163265306122	0.30015594603473694	0.29944613429591194	0.00014487364986865345	0.0001517488460871478	3.092348899356134	3.095316830734258	0.00014526882717842742	0.00015131986728572676	0.000310134279345716	0.0003104319356869178	9.2999963204923e-06	9.308923088566368e-06
23.31049	23.57336	3.5306122448979593	0.3013606265210524	0.3008907511446473	0.00014574292756958166	0.00014417476798968086	3.2121109055100905	3.2172694168889966	0.00015221196896067127	0.00014923601458132458	0.0003221453119556805	0.0003226626634127968	9.66017135103356e-06	9.67568466399495e-06
23.33634	23.56314	3.6530612244897958	0.304234409770943	0.3025494021348592	0.00014082054729444538	0.0001492334516697986	3.334905884884387	3.339745998946282	0.00014762535219090705	0.00015373088205776166	0.0003344605240080621	0.00033494594312970434	1.0029466015499576e-05	1.0044023165782705e-05
23.3622	23.55293	3.775510204081632	0.3053981920136643	0.30312606736953834	0.0001407783128188593	0.00015089457718871655	3.4552164465272326	3.4598714355429907	0.00014760327148795639	0.00015346571079601282	0.00034652657171068427	0.0003469934244853065	1.0391289748081122e-05	1.0405290083462006e-05
23.38603	23.54272	3.8979591836734695	0.3065024445907093	0.30512281050679624	0.00014809822676049232	0.0001476459818563256	3.5763530260887855	3.5815429237716936	0.00015148498225992	0.00015560131407282886	0.0003586754614470751	0.00035919596066309235	1.0755598230962598e-05	1.0771206995924772e-05
23.39212	23.53456	4.020408163265306	0.3080334021759216	0.3074353789695876	0.0001440726914661939	0.00015448848154616957	3.700031789481196	3.700917393306383	0.00014890883760705043	0.0001563643358426302	0.00037107930894405736	0.0003711681268986444	1.1127551228459278e-05	1.1130215635088892e-05
23.40025	23.5264	4.142857142857142	0.30954618276398066	0.3095052845203864	0.00014855701881842835	0.0001467263298641184	3.8199566339038635	3.8252297707504197	0.00015173990553405471	0.00015440707122528445	0.00038310667274133625	0.00038363552008328347	1.1488215389885104e-05	1.1504074258198872e-05
23.40838	23.51824	4.26530612244898	0.30933078534771746	0.3098124757722722	0.00014881598225679273	0.00015089817010490193	3.9408011955111193	3.9446920267868117	0.00015230692737188954	0.00015708270742358915	0.0003952262757507892	0.00039561649050113445	1.1851645231160441e-05	1.1863347202792434e-05
23.41854	23.51009	4.387755102040816	0.3118001304109536	0.3115601940485339	0.0001403204419751531	0.00015082424475918057	4.061643027982139	4.0683089307559	0.00014790278451271214	0.00015772898930683737	0.0004073456050528673	0.0004080141340643767	1.2215066263492681e-05	1.2235114637363906e-05
23.42869	23.49378	4.5102040816326525	0.3132324777866106	0.3127753263082125	0.0001409220033120637	0.0001506671796634399	4.182378424688891	4.185792567722012	0.0001467959412964574	0.00015421756675358054	0.000419454259822374	0.00041979666710681093	1.2578167645830939e-05	1.2588436285590504e-05
23.43682	23.49378	4.63265306122449	0.3148066057400611	0.31378823947456386	0.00014377197460785574	0.0001513598386739172	4.30319023661429	4.310834077776514	0.00015132504979828649	0.0001616305928079787	0.00043157057833861093	0.00043233718561593764	1.2941499513873974e-05	1.2964488972631643e-05
23.44495	23.48564	4.755102040816326	0.3148915809201558	0.31408043470379843	0.00014282440192758196	0.00014109437983529657	4.424103936101562	4.427619056817882	0.000152483263973574	0.0001496105444564696	0.0004436971152443649	0.00044404964966581904	1.33051374073608e-05	1.3315708508984872e-05
23.45307	23.47749	4.877551020408163	0.3165256952458068	0.31607445129148337	0.0001470929845404651	0.00014760983554616122	4.546716974484021	4.549182289597818	0.00014684797145364826	0.00014566957202107186	0.0004559940802812176	0.00045624132881334046	1.3673885175576505e-05	1.3681299276953161e-05
23.46121	23.46935	5.0	0.3178094456591305	0.3172205109513877	0.00014061324384812061	0.00015004647875480428	4.665435997777535	4.667402791605834	0.0001448477967393904	0.0001529635265106836	0.00046790051126040867	0.00046809776267233317	1.4030922460227147e-05	1.4036838293638101e-05
