# IV Measurement - T = 56.50 C - Pull number 1
# Td_go[C]	Td_return[C]	Vcc	Vd_go[V]	Vd_return[V]	ErrVd_go[V]	ErrVd_return[V]	Vr_go[V]	Vr_return[V]	ErrVr_go[V]	ErrVr_return[V]	Id_go[A]	Id_return[A]	ErrId_go[A]	ErrId_return[A]
#  - T Go Leg
56.703	56.673	0.0	-0.012731522333946508	-0.012873302115236721	0.0004623154319567137	0.0005213443255265241	-0.014176025696919111	-0.013488739877062313	0.0004670110580160368	0.0005284659119955487	-1.4217255738560939e-06	-1.3527970992941844e-06	6.333475090381773e-08	6.674319188006209e-08
56.703	56.673	0.050505050505050504	0.03682851496489207	0.038053190029983336	0.0005252240893370706	0.00045058531954103847	-0.013840797457243835	-0.012236068235881657	0.0005324275188105993	0.0004586553580652902	-1.3881052509521447e-06	-1.2271656038392997e-06	6.770487283725516e-08	5.8907265238968384e-08
56.703	56.673	0.10101010101010101	0.08710654334081586	0.0869015977359354	0.000502419959706342	0.0004365599238523948	-0.010589948005274765	-0.010307937303008899	0.0005060364391133932	0.0004428885909816044	-1.0620748174982214e-06	-1.0337917263071807e-06	5.99163273122941e-08	5.416591539045729e-08
56.703	56.673	0.15151515151515152	0.13273853145667489	0.13264946426897636	0.000492366011154988	0.00044436921693653033	-0.005792588575285655	-0.0058371658906461385	0.0004996030813470832	0.00045293210862338667	-5.809435939510235e-07	-5.854142905070844e-07	5.304766304701537e-08	4.869903832683683e-08
56.703	56.673	0.20202020202020202	0.17442974656413615	0.17524634815922654	0.00038830277874106977	0.00041280909114723937	0.0012030828307693642	0.0013668307167498395	0.0003901706763341246	0.0004175684700293949	1.2065819183325286e-07	1.3708060543073307e-07	3.929746582799805e-08	4.207955322571228e-08
56.703	56.673	0.25252525252525254	0.2137929425574322	0.21298542963791559	0.0003760680162994738	0.0004466520988678734	0.01330586881038534	0.014332477736179594	0.00037864087854726756	0.0004507775078989618	1.3344568057752825e-06	1.4374162808323733e-06	5.516652596203439e-08	6.2464179866824e-08
56.703	56.673	0.30303030303030304	0.2443443851499525	0.24592033107717762	0.00040411710952863487	0.000364915989956739	0.03356011786618629	0.0335246391617911	0.00040439038798157874	0.0003636468611536319	3.3657725269467746e-06	3.3622143377586103e-06	1.0877299480032994e-07	1.0721608675778636e-07
56.703	56.673	0.35353535353535354	0.27053243934955146	0.272296062498322	0.0003670404104201158	0.0003542058458594509	0.05940362411760869	0.05844024037769355	0.0003673887666397478	0.00035322287379929175	5.95763956650373e-06	5.861020998665485e-06	1.8241154200776715e-07	1.7928880655893435e-07
56.703	56.673	0.40404040404040403	0.2920867224690626	0.2914986967156882	0.00029650512977648445	0.0002842513907524799	0.09086550174995317	0.08985981693070377	0.00029683437337674656	0.0002847308330011503	9.112977810646192e-06	9.012116831882838e-06	2.748872802818985e-07	2.717505166421307e-07
56.703	56.673	0.45454545454545453	0.3077825596152101	0.30849237135403507	0.0003247805570399289	0.00027319943662479866	0.12335125947431415	0.12354548265794275	0.00031616687094775716	0.0002710320260703122	1.2371001852804548e-05	1.2390480659707426e-05	3.7232145043921835e-07	3.725458384539938e-07
56.703	56.673	0.5050505050505051	0.32111175162751066	0.3204423837073511	0.0002258792110007235	0.0003088164323402761	0.16069350577477906	0.16132347862008845	0.00022482646304706105	0.00030872900277277874	1.61160872304462e-05	1.617926773845035e-05	4.837982241122466e-07	4.861540840746223e-07
56.703	56.673	0.5555555555555556	0.332978602891702	0.3315439833828471	0.0002645942424421689	0.0002685941668565467	0.20014036488716946	0.20177193256190537	0.00026136623824884287	0.00026700001102881446	2.0072246002123105e-05	2.0235877300361587e-05	6.024761841550636e-07	6.074030275332593e-07
56.703	56.673	0.6060606060606061	0.34184080055823807	0.341556329175356	0.0002358059854364063	0.00025815715045844487	0.24181238171137054	0.24439322814310915	0.00023527661034587484	0.00025723681246512105	2.4251567717517855e-05	2.4510402982961505e-05	7.276135486696146e-07	7.35445156318551e-07
56.703	56.673	0.6565656565656566	0.35008270411490305	0.3489425529903885	0.00023637955689403167	0.0002540796158695702	0.283438452244644	0.28522603436286703	0.00023343208204136393	0.0002531443571987345	2.842628144064226e-05	2.8605559559007827e-05	8.527392514842141e-07	8.581694549788624e-07
56.703	56.673	0.7070707070707071	0.35624697827441687	0.35520725463566877	0.00016963611630799934	0.000231725978041847	0.3251054622932721	0.3269430772453572	0.00017374733839425348	0.00023480790374811624	3.2605101022291854e-05	3.278939697576544e-05	9.778831975764696e-07	9.835363688665102e-07
56.703	56.673	0.7575757575757576	0.36266300384449973	0.36138243439507034	0.0001647332149694127	0.0002150053227181822	0.36900217128404694	0.3712937316007959	0.000170440627719809	0.0002183602101407498	3.700753899147999e-05	3.72373615084541e-05	1.1098753132571915e-06	1.1168500785208192e-06
56.703	56.673	0.8080808080808081	0.36704865883259163	0.36782799758552687	0.00018017785805637027	0.00012961504415000215	0.41411243396531955	0.41519180569172126	0.0001844384154254524	0.00013646453766164436	4.153168528385513e-05	4.1639936384687724e-05	1.2455464360172253e-06	1.2487302006275738e-06
56.703	56.673	0.8585858585858586	0.372665350133175	0.37259491508890313	0.00017959140887784865	0.0001768550881711703	0.45978080400676596	0.4602979751591412	0.0001823931715595803	0.0001808572950985075	4.6111804634115534e-05	4.616367216519318e-05	1.382873931160119e-06	1.3844271182497878e-06
56.703	56.673	0.9090909090909091	0.37711553428085615	0.3781579834841846	0.00014403270712925938	0.0001551781959891776	0.5057712127624163	0.5068182894027367	0.00014661842763974176	0.00015747277210676234	5.07242215186457e-05	5.082923371805603e-05	1.5211363869652936e-06	1.5242961270966354e-06
56.703	56.673	0.9595959595959596	0.38016881764552457	0.38064778151906487	0.00017413769095964246	0.00017191048679435014	0.5520545458866508	0.5532776514890192	0.00017459826198621125	0.00017359045663495267	5.536601603516707e-05	5.548868232765211e-05	1.6603509683524267e-06	1.6640280931787598e-06
56.703	56.673	1.0101010101010102	0.3848044040765784	0.38586548340038196	0.00016803597523020158	0.00012946768944077275	0.5990078838351753	0.5981541206493016	0.0001672996259171564	0.00012553056812273278	6.007500590062936e-05	5.9989381270614945e-05	1.80154506574012e-06	1.7989433613800394e-06
56.703	56.673	1.0606060606060606	0.38889150302877984	0.3889810247396086	0.0001296541320516345	0.00015056961088947255	0.6445707279102763	0.6456919459460666	0.00012692805697520963	0.00015017164696953572	6.464454196271951e-05	6.475698986521578e-05	1.9385352320431276e-06	1.9419238106776303e-06
56.703	56.673	1.1111111111111112	0.3923733056910908	0.3929145257813216	0.00015369522572747333	0.0001501120982310266	0.6907257934387643	0.692361452690976	0.000156293374612737	0.00014695864888883276	6.927347241387667e-05	6.943751405987123e-05	2.077360136268661e-06	2.0822722702924686e-06
56.703	56.673	1.1616161616161615	0.397012984214396	0.3969616341974388	0.00014480240768992875	0.00014820275945021618	0.7406616152810411	0.7413534500203666	0.00013765880224723883	0.00014083159220549876	7.428157810460747e-05	7.435096279413967e-05	2.2275216581999348e-06	2.2296042473782642e-06
56.703	56.6805	1.2121212121212122	0.39901608930065746	0.39968909262024754	0.00013741982154248935	0.0001263344074466263	0.7855221651714706	0.7850272805041338	0.0001339676376070442	0.0001222963688109413	7.878068049056971e-05	7.873104808987402e-05	2.3624314936484226e-06	2.3609368217268794e-06
56.7105	56.6805	1.2626262626262625	0.40330040609344386	0.40228249425116813	0.00014285389203048577	0.00013350176124368246	0.8337500035628599	0.834975383436458	0.00014257179649380697	0.0001310330622570861	8.36174910804192e-05	8.374038546148411e-05	2.5074753121634896e-06	2.5111541588205858e-06
56.7105	56.6805	1.3131313131313131	0.4061078447399034	0.4038325391212757	0.000125193009428073	0.000139214309266699	0.8807779376313296	0.8815416394876516	0.00011973796078347472	0.0001356665033813405	8.83339622536686e-05	8.84105545569804e-05	2.6488944065852112e-06	2.651198870630261e-06
56.7105	56.6805	1.3636363636363635	0.40901843640902874	0.4073634208182474	0.00012540015771495377	0.00013742731826091239	0.9285732095276419	0.930766521239034	0.00012386413201201583	0.00013710218754440218	9.312739038488034e-05	9.334735946635584e-05	2.7926351637697386e-06	2.7992375099093786e-06
56.7105	56.673	1.4141414141414141	0.41038625544479257	0.41017949210217713	0.00013240645009156293	0.00012585955801183756	0.9786755091089363	0.9788469895141199	0.0001306797907844382	0.00012419520637059836	9.81521922684722e-05	9.816939018294252e-05	2.9433152577504505e-06	2.9438281423399113e-06
56.703	56.673	1.4646464646464645	0.41256295085386524	0.41304736782799295	0.000133429410486603	0.00013526952307149026	1.0246258890627045	1.0260605005185495	0.0001298625262877993	0.00013351399961862977	0.00010276059463069947	0.00010290447302362346	3.0815055890691534e-06	3.0858215938697466e-06
56.703	56.673	1.5151515151515151	0.4158693466359974	0.41503365919188784	0.00012606838584659443	0.0001260300934762788	1.0727541163921086	1.075007923973669	0.00012130521744447057	0.00012041377431821254	0.00010758741514312593	0.00010781345140644558	3.226242688080786e-06	3.2330204456841906e-06
56.703	56.673	1.5656565656565655	0.4176270622606932	0.4168018265899467	0.00013222419187152256	0.00013272347293452245	1.1205593965387906	1.1225489350850515	0.00012885525916144096	0.00013174490925275972	0.00011238184701020866	0.00011258137950908148	3.370014975199108e-06	3.3759994265703435e-06
56.703	56.673	1.6161616161616161	0.41947702502880424	0.4197646771258869	0.00012705508370835155	0.0001324708775175703	1.170049005442686	1.1717838231256492	0.0001239630891321022	0.0001272678882386307	0.00011734520162899267	0.00011751918795764208	3.518848086786537e-06	3.524066560589865e-06
56.703	56.673	1.6666666666666667	0.42218676199652516	0.42112431651293186	0.00012290655440861552	0.0001243759985806787	1.2172597911984517	1.219432178232839	0.0001190709274304998	0.00012232271675161746	0.0001220800111521865	0.00012229788168015635	3.660828155788456e-06	3.6673624728082537e-06
56.703	56.673	1.7171717171717171	0.42397219754187937	0.4231087901771115	0.00012854442324104832	0.0001241072855938514	1.2644992301541826	1.265704140633257	0.00012564873976971954	0.00012382922410175595	0.0001268176943289723	0.00012693853581719557	3.8028982832198883e-06	3.806521332757734e-06
56.703	56.673	1.7676767676767677	0.42666693736981276	0.42507963109342634	0.00012275307818593556	0.0001253476476730115	1.3150850400585874	1.316271757241296	0.0001190732966923565	0.00012347647459080748	0.00013189098787068373	0.00013201000473786942	3.955028095572265e-06	3.958598390421836e-06
56.703	56.673	1.8181818181818181	0.4278511687343312	0.4273367597149011	0.00012754989412473407	0.0001281737552978741	1.3635307563084709	1.3642166779303664	0.00012500549045128893	0.00012331092986193963	0.0001367496496147298	0.00013681844127272754	4.100725736756008e-06	4.102788064174105e-06
56.703	56.6805	1.8686868686868687	0.42969704279521914	0.42912083279406943	0.0001270630669298773	0.00012560482519896458	1.411813179802815	1.4132227757705518	0.0001262831506798776	0.00012729347988965368	0.00014159193459059423	0.00014173330415911663	4.245930878134328e-06	4.25017040635049e-06
56.703	56.6805	1.9191919191919191	0.43211503784149796	0.4314270384992567	0.00012530868427841724	0.00012215984192881767	1.4617931223416551	1.4641242534249892	0.0001247642891726678	0.00012258257140906385	0.00014660446518319678	0.00014683825628572752	4.396240361461432e-06	4.403250401716372e-06
56.703	56.6805	1.9696969696969697	0.4330756921410344	0.4334283258858028	0.0001244452460489081	0.00012187040839195904	1.5088460720091492	1.511688007217108	0.00012239640446977846	0.00012549866240581836	0.00015132344519197164	0.0001516084652709967	4.537747032632157e-06	4.546294738460571e-06
56.703	56.6805	2.0202020202020203	0.43553413100597876	0.43462846212283013	0.00012669788201884104	0.0001257847334172256	1.5584543981168344	1.5615446842568586	0.0001238172067616367	0.0001235589028021291	0.00015629870605925528	0.00015660863346272778	4.686939839002008e-06	4.696233519349702e-06
56.703	56.673	2.0707070707070705	0.436162600682544	0.43623349097144076	0.00012079587680274616	0.00012149194110905534	1.6074755088709611	1.6095478264098562	0.00012036883436973568	0.00012198432774210414	0.0001612150746034461	0.0001614229090773098	4.834365419030024e-06	4.840598130902375e-06
56.703	56.673	2.121212121212121	0.43834883901512195	0.43736364576942893	0.0001239789678046476	0.00012107252872593355	1.6573581107524669	1.660146827114682	0.00012652402800253026	0.00012098498448016988	0.000166217842819423	0.0001664975255355212	4.984384320042497e-06	4.992769746997048e-06
56.703	56.6805	2.1717171717171717	0.43914181051592194	0.43870238160974795	0.00012445811943999458	0.0001217000266925742	1.7066034616321066	1.7076368926168188	0.00011497158120030671	0.00011431279047757425	0.000171156700594936	0.000171260344260036	5.132482461658569e-06	5.135590264567663e-06
56.703	56.6805	2.2222222222222223	0.4405178092004046	0.4413789444405284	0.00011976313849341641	0.00012229351612913953	1.755174717913584	1.7564182919946594	0.00012024081975706212	0.00011799899314782237	0.00017602795285463684	0.00017615267194811548	5.278557341384458e-06	5.282296769878001e-06
56.703	56.688	2.2727272727272725	0.4423450518392107	0.44253000278524257	0.00012472727517595357	0.00011927892206540888	1.8048262552640275	1.8065278701846745	0.00012064821492941895	0.00011616119550782074	0.00018100754741390306	0.00018117820380951505	5.4278799671374015e-06	5.432996437736007e-06
56.7105	56.69549	2.323232323232323	0.4442331871707834	0.4438296580816826	0.0001192436690230053	0.00012048801131912006	1.8538409953527648	1.855524414337937	0.00012009577226825634	0.00012122473004944467	0.00018592327703868868	0.0001860921085485846	5.57528728898441e-06	5.5803502668139756e-06
56.7105	56.69549	2.3737373737373737	0.4457827764257733	0.44591365080527495	0.00012280138118024348	0.00012165715756695858	1.9050858886985265	1.9057213213970097	0.00012300476099664763	0.00012329278791650325	0.0001910626706146351	0.00019112639869591912	5.72940236061146e-06	5.731313429995979e-06
56.718	56.703	2.4242424242424243	0.4470010896599536	0.446423061150488	0.00011768208894807872	0.00012191610608634722	1.9531577157092601	1.9539518953173924	0.00011783101763050605	0.00011980537591122058	0.00019588383469153146	0.00019596348363427866	5.873973031816651e-06	5.876361858354387e-06
56.718	56.703	2.474747474747475	0.4482752971603795	0.44767454740447254	0.00012210610000192986	0.00012445609982633375	2.0023816891839865	2.00430481691434	0.00011799416029363577	0.0001186055123952308	0.00020082054850907496	0.0002010134206112065	6.022009822318221e-06	6.027793580277456e-06
56.7105	56.703	2.525252525252525	0.44900192262157096	0.44862883628453876	0.00011937769181214481	0.0001222227125608707	2.050514919920447	2.0524239463498093	0.00011850954905380614	0.00011991704482768751	0.0002056478708174152	0.00020583932868817664	6.166766380332401e-06	6.1725078830321564e-06
56.7105	56.69549	2.5757575757575757	0.4501361672439186	0.45036019873382943	0.00011964484462330194	0.0001221646619885817	2.1023206514362065	2.1019590415625946	0.00011964219207465894	0.00012096757417390811	0.00021084351132646741	0.00021080724516724447	6.322567788149503e-06	6.32148053186734e-06
56.7105	56.688	2.6262626262626263	0.452227885191301	0.45112454146411346	0.00012041223804808645	0.00012383521244378713	2.150380195632384	2.1523524492972435	0.00012066184127280782	0.00012276217999709937	0.00021566344354953204	0.00021586124253307026	6.4671028495591145e-06	6.473034627050937e-06
56.7105	56.688	2.676767676767677	0.4525314412896124	0.45221925136354413	0.0001194822527610373	0.0001237105866916405	2.1987968012031183	2.199500916979676	0.00011226327095644023	0.00011672368597196951	0.00022051918575901296	0.0002205898021241276	6.612710070529272e-06	6.614828414264812e-06
56.7105	56.688	2.727272727272727	0.453774747649022	0.4536484175188086	0.00012246545828658746	0.00012225121134022704	2.246435602864564	2.248830870286099	0.00011942551263132682	0.00011969629584683333	0.00022529692135839574	0.0002255371447483802	6.755980879301442e-06	6.763184485854342e-06
56.7105	56.69549	2.7777777777777777	0.455297980010444	0.4550303237273659	0.00012118276363430072	0.00011862179034598522	2.2959743375626522	2.297928850300904	0.00011746339084096754	0.0001165452338683028	0.0002302652028445143	0.00023046122257555952	6.904963980768993e-06	6.910841852130424e-06
56.703	56.703	2.8282828282828283	0.45624136616268507	0.45612185240640407	0.00011905206612159133	0.00012155738090606562	2.345939270136893	2.3489454080673347	0.00011817452596944313	0.00012216314262085296	0.0002352762280751071	0.0002355777161836661	7.055229310306805e-06	7.0642706925268836e-06
56.703	56.703	2.878787878787879	0.45711522530081594	0.45643358790757815	0.00011839412229467708	0.00012392310934077665	2.3970918289987817	2.3980006296634193	0.00011977438625099471	0.00011928521078678025	0.00024040636134778676	0.00024049750573296755	7.209066475928398e-06	7.21179953381866e-06
56.703	56.703	2.929292929292929	0.4579931742633062	0.4579013804276835	0.00012126123633948466	0.00011985304504976377	2.4464472562279664	2.447586666490115	0.00012082917878910951	0.00012089464820767269	0.000245356258773239	0.0002454705311894609	7.357498834442578e-06	7.36092552323386e-06
56.703	56.703	2.9797979797979797	0.45754874668291523	0.46010670460727215	0.00012079697693814357	0.00011968265477215701	2.4939218566537473	2.495741278916364	0.0001174633890394733	0.00011835812054922126	0.0002501175264922021	0.00025029999788550437	7.500274061749395e-06	7.5057459591523325e-06
56.703	56.703	3.0303030303030303	0.4592755621734157	0.45954776270571474	0.00011874475501519057	0.00012143787022900571	2.544338460428613	2.5450016394348163	0.00011827654429493649	0.00011853473592719494	0.00025517385020846584	0.00025524036099035366	7.651897792515586e-06	7.653892286596335e-06
56.703	56.703	3.080808080808081	0.4600576267149591	0.4604116237345139	0.00012086579591464306	0.00012276774107514998	2.5955751669190406	2.5955774423814537	0.00011804102026460548	0.00011865078926027123	0.00026031242271778565	0.0002603126509258303	7.805987754709728e-06	7.805994690952862e-06
56.703	56.703	3.131313131313131	0.461693102033801	0.46174172550118525	0.00012147508215379306	0.00011865342751709489	2.644023158631337	2.644264231880412	0.00011522867965807734	0.00011399724289808745	0.00026517131266987634	0.00026519549010935834	7.951690524584426e-06	7.952415353269642e-06
56.703	56.703	3.1818181818181817	0.46321451669550767	0.4622302322996723	0.00012146729406952305	0.00012164829751909965	2.692878245381008	2.695882108203968	0.00011982812303518452	0.00012049493577590651	0.00027007103052662803	0.0002703722904627388	8.098618697713205e-06	8.10765265749397e-06
56.703	56.703	3.2323232323232323	0.4639738581670674	0.4644051100090297	0.0001221095005056328	0.00011890098106645762	2.7421631686192365	2.7439361936819227	0.00012046353891495422	0.00011651195347193865	0.000275013857047361	0.00027519167522634867	8.24683898255708e-06	8.252170633160411e-06
56.703	56.703	3.282828282828283	0.46462323397486577	0.4655339015322314	0.00012099792768885558	0.00011998577119344611	2.7922618286184355	2.793450365221892	0.00011690807381310206	0.00011745651354516879	0.0002800382939141947	0.0002801574932526218	8.397505916696724e-06	8.401080416213291e-06
56.703	56.703	3.3333333333333335	0.46612056411534475	0.46657635231895644	0.00012025172441876822	0.00012248783764017118	2.8426243046260558	2.843256098480706	0.00012005608092307754	0.00012326304893449537	0.00028508918911102755	0.0002851525522495944	8.548967213805653e-06	8.550867738899226e-06
56.703	56.703	3.3838383838383836	0.4665054620300597	0.46787509876553884	0.00012152166973616639	0.00012222495150001876	2.8927588984023225	2.8928794348095597	0.0001183288907465988	0.00012000538805574411	0.0002901172298066716	0.00029012931850461935	8.699742495071087e-06	8.700105229033118e-06
56.7105	56.703	3.4343434343434343	0.4676783327713575	0.4679437169297915	0.00012038231643275444	0.00012055286592817998	2.942265335737743	2.9430990852970704	0.00011809795548163431	0.00011774379665533072	0.0002950822721630471	0.0002951658896095748	8.848628865262968e-06	8.851136248766537e-06
56.7105	56.703	3.484848484848485	0.4684444932013568	0.46845085515036033	0.0001241466157518685	0.00012200429975125727	2.990913465585838	2.992048782085489	0.00012098759225185642	0.00012315229076833046	0.00029996123413758276	0.00030007509598691093	8.994934370858882e-06	8.998349034093829e-06
56.7105	56.703	3.5353535353535355	0.468927546900698	0.47076842228736887	0.00011851608147298719	0.00011865347993220962	3.041466978725036	3.042079669500742	0.00011945577121873232	0.00011743925278360346	0.00030503128860947105	0.0003050927358841382	9.146969564072226e-06	9.148811916999488e-06
56.7105	56.703	3.5858585858585856	0.4702353797460517	0.4707438833412124	0.00011998555570053833	0.00012298061523460403	3.0887400783030055	3.092277941946972	0.00011626644418162514	0.0001189809639116612	0.00030977234763845203	0.0003101271629673024	9.289138994818004e-06	9.299779165628429e-06
56.703	56.703	3.6363636363636362	0.469616455092797	0.47076069706357876	0.00012201694415586511	0.00011946869113663454	3.140584016175906	3.140256520440337	0.00011806595541594802	0.00011880026017761056	0.0003149718198952869	0.00031493897507174173	9.445055476510904e-06	9.444070653424886e-06
56.703	56.703	3.686868686868687	0.47097245908041135	0.47217441301715396	0.00012199286888602092	0.00012129156669611938	3.1903751969649687	3.1907058766849246	0.00012155910464497452	0.00011816281035404604	0.00031996541941279395	0.00031999858356081886	9.594798679337826e-06	9.59579274388595e-06
56.703	56.703	3.7373737373737375	0.4725484047335771	0.472462972846958	0.00012092853965713105	0.00012071322122847894	3.2394413345517803	3.241315792497512	0.00011946019201154434	0.00011597430063130568	0.00032488630373601245	0.00032507429470439393	9.742360673028364e-06	9.747997523419176e-06
56.703	56.703	3.7878787878787876	0.47340499572441264	0.4735890378205868	0.00012077159486854692	0.0001194341456111703	3.2884301467805552	3.2909418579574874	0.00012014723069997989	0.00011982347943831818	0.0003297994330338537	0.00033005133466628095	9.8896904694872e-06	9.89724418913457e-06
56.703	56.703	3.8383838383838382	0.4744397212873476	0.4750550126409769	0.00011944612175146275	0.00012099668961129798	3.3397582811847215	3.341269308204364	0.00012089864296658447	0.00012021303347199816	0.00033494717492575687	0.0003350987171000265	1.0044055588837999e-05	1.0048599792244748e-05
56.703	56.703	3.888888888888889	0.47468920057327263	0.4752249675643575	0.00012130455360700409	0.00012167627053617618	3.388840794696312	3.3909954437168146	0.00012074371940729432	0.00012269759723012607	0.0003398697016042836	0.0003400857931718799	1.0191667085755956e-05	1.019814724541685e-05
56.703	56.703	3.9393939393939394	0.4754199158588235	0.47601884631944813	0.00011806257876351389	0.0001205517530281068	3.4392041801839106	3.441659943339293	0.00011604162398016499	0.00011726442585519385	0.0003449206880136306	0.00034516697857178745	1.0343130177526513e-05	1.0350515817125762e-05
56.703	56.703	3.9898989898989896	0.4759102403570259	0.4762101608100505	0.00011890760112873295	0.00011869585036298722	3.4882798710980922	3.4901552390338177	0.00011679134361242413	0.00011945685135937978	0.0003498425304481087	0.0003500306126801542	1.0490721272084327e-05	1.049636158507048e-05
56.703	56.703	4.040404040404041	0.47596340807369847	0.47803785787378544	0.00012137231713957587	0.00012149367663818969	3.539622105178367	3.5408283811341135	0.00011603863821216099	0.00011854536969159583	0.0003549916864084211	0.00035511266484145157	1.0645128639535575e-05	1.064875669078091e-05
56.703	56.703	4.090909090909091	0.4778115542592305	0.47886309354453205	0.00012126121322514043	0.00011929847652591173	3.5870066442771353	3.589678008789994	0.00011831649182280305	0.0001173176491564688	0.00035974392180093624	0.00036001183520108254	1.0787633907403928e-05	1.0795667701905424e-05
56.7105	56.703	4.141414141414141	0.47825325529004853	0.4796028973286594	0.00012127983379215061	0.00012177322302306853	3.6368310265986135	3.6394546313168443	0.00012254973931943757	0.00012258688399145062	0.00036474085112813293	0.0003650039746581932	1.093747701763897e-05	1.0945367292191959e-05
56.7105	56.703	4.191919191919192	0.47934751051865965	0.47979330137383713	0.00011966256215721946	0.0001197235076647238	3.687810742976281	3.6895924088621195	0.00011735097855578765	0.00011847319800777065	0.0003698536498822868	0.0003700323346567164	1.1090793659567647e-05	1.1096151990073164e-05
56.718	56.703	4.242424242424242	0.4805249255092457	0.48076349859687895	0.00012043596986202052	0.00011964787358280308	3.7358775629740704	3.738161845722849	0.00011965398209460199	0.00011597205118170366	0.0003746743118016318	0.0003749034044451759	1.1235350830250456e-05	1.1242220230678226e-05
56.718	56.703	4.292929292929293	0.48187138657335477	0.48215176675443994	0.00011955910782350751	0.00012003774122168465	3.7864770183908414	3.7887672142576974	0.00011952228686303728	0.00011951789334112282	0.00037974897386328766	0.0003799786595384312	1.1387524430072554e-05	1.1394412001451608e-05
56.7105	56.703	4.343434343434343	0.4826125536322686	0.48158055461890664	0.00012160009255389222	0.00011979014155122597	3.837036900568563	3.8400130180632726	0.0001223899854353265	0.00011771939002164905	0.00038481966709142144	0.0003851181444251602	1.1539579335389825e-05	1.1548529270483726e-05
56.7105	56.703	4.393939393939394	0.482749335535845	0.4826066461081939	0.00011939735560141089	0.00011906895948537748	3.88735161582239	3.8875599394988596	0.0001211459545245828	0.00012107157912561233	0.00038986577232197274	0.00038988666527919565	1.1690896487322669e-05	1.1691522995553447e-05
56.7105	56.703	4.444444444444445	0.4828384028218949	0.48342642867979463	0.00012173781421830243	0.00012141124838902737	3.9383640819755725	3.9384746117859972	0.00011995872947237224	0.00012175104048394989	0.0003949818555787356	0.000394992940706649	1.1844312079189846e-05	1.1844644672270806e-05
56.718	56.703	4.494949494949495	0.4839508350476588	0.4838685841355415	0.00011994504609727795	0.00011902471727325562	3.986036999262857	3.9886706107952	0.00011629354051010479	0.00011783938827700287	0.0003997630126630084	0.00040002713978489623	1.198768401955565e-05	1.1995604537566789e-05
56.718	56.703	4.545454545454545	0.48466201006127024	0.48545543598699903	0.00011905152318774176	0.0001199714173445996	4.037290538398003	4.037912323622217	0.00012075937544045707	0.00012423235070340585	0.00040490327333246443	0.00040496563269704316	1.2141825188357886e-05	1.2143695507702279e-05
56.718	56.703	4.595959595959596	0.48456658082621695	0.48523685759623414	0.00012052560507900951	0.00011987952040833102	4.086188378887375	4.089287307275951	0.00011775018404022746	0.00011840766432682786	0.0004098072789978312	0.00041011807313970025	1.2288881054824387e-05	1.2298200886200112e-05
56.718	56.703	4.646464646464646	0.4852727571656113	0.48609708398650026	0.00012121559293761898	0.00011840971672698515	4.135452379618552	4.1386372755705105	0.00011710777479355255	0.00011391671508960614	0.00041474800718268494	0.0004150674230839946	1.2437038355493294e-05	1.2446616365906147e-05
56.7105	56.703	4.696969696969697	0.4865033398728699	0.4863624681449341	0.00011961198900645986	0.00012033359706718569	4.186671802798354	4.187394566709458	0.00011757677294735387	0.00011764336842482163	0.0004198848463342046	0.0004199573329364616	1.2591076533026432e-05	1.2593250191330221e-05
56.7105	56.703	4.747474747474747	0.4870668267846132	0.48704001571381256	0.0001172824162414753	0.00011887800321390673	4.235318108301066	4.236756362286759	0.00012071202511533878	0.00011887399481126648	0.00042476362534360306	0.0004249078690489177	1.2737376526272213e-05	1.2741701781044811e-05
56.7105	56.703	4.797979797979798	0.48826696302164047	0.48830377144087544	0.0001178122448805997	0.00011818167621320036	4.286076310205927	4.287365824660883	0.00012178272532974621	0.00012184938915761982	0.0004298542082244436	0.00042998353471676695	1.2890027675813344e-05	1.2893905789043266e-05
56.703	56.703	4.848484848484849	0.48711499582706863	0.4880956448234734	0.00011648772126277373	0.00011862384592936927	4.3368458816058535	4.338471534043952	0.0001173903043690635	0.00011999050384130172	0.0004349459313615338	0.0004351089694157008	1.304271251218989e-05	1.3047601764075543e-05
56.703	56.703	4.898989898989899	0.4889067933214264	0.48877228354249413	0.00011842230532426663	0.00011876926969083683	4.386073493922075	4.387545407065712	0.00011733452189439909	0.0001162847720225065	0.0004398830101215601	0.0004400306295322146	1.3190760441667695e-05	1.3195187004122802e-05
56.703	56.703	4.94949494949495	0.48904130310035865	0.4884119245739358	0.00011847123946231865	0.00012015863721228063	4.436141678623749	4.437262442675514	0.00012113890778968663	0.00012189567230696536	0.00044490439059510073	0.00044501679296715614	1.3341336670822448e-05	1.3344707344418801e-05
56.703	56.703	5.0	0.4897492971288093	0.48937303329840104	0.00011889125274812618	0.00011874919852966832	4.485200994520806	4.486471859913097	0.00012034029270509371	0.00012180273135256633	0.0004498245907653	0.0004499520469273992	1.3488878394888117e-05	1.3492700548463161e-05
