# IV Measurement - T = 29.00 C - Pull number 2
# Td_go[C]	Td_return[C]	Vcc	Vd_go[V]	Vd_return[V]	ErrVd_go[V]	ErrVd_return[V]	Vr_go[V]	Vr_return[V]	ErrVr_go[V]	ErrVr_return[V]	Id_go[A]	Id_return[A]	ErrId_go[A]	ErrId_return[A]
#  - T Return Leg
28.98446	29.02972	0.0	-0.013606290326937562	-0.011944458349529188	0.00013230382385035863	0.00012956218009810595	-0.012030473799757349	-0.01229474464375864	0.00012383632093796855	0.0001241093305802795	-1.2065463644325893e-06	-1.2330503102756633e-06	3.825294572302068e-08	3.901424342398427e-08
28.98196	29.0272	0.050505050505050504	0.0370789029515163	0.03962141043047242	0.0001318865158996211	0.00013026035712514642	-0.010235615204376353	-0.01238980930144027	0.00012548417025611214	0.00012489653693572737	-1.0265384820355384e-06	-1.2425844249764587e-06	3.32559620349224e-08	3.931039335619875e-08
28.98196	29.0272	0.10101010101010101	0.08884789969473891	0.09149083508325374	0.00012826583254121833	0.0001280267969282884	-0.010386627134544751	-0.01157334431311167	0.00012291446495132907	0.0001229428915515387	-1.0416835958825344e-06	-1.1607004626528603e-06	3.358132411253641e-08	3.6925321743770096e-08
28.97946	29.02468	0.15151515151515152	0.13789307342433904	0.13781900216094053	0.00012501679735033852	0.00012483029143405648	-0.010841482309100583	-0.009846713186428685	0.00012417902931780093	0.0001248718230918988	-1.0873014049845133e-06	-9.87535170637718e-07	3.490243399345335e-08	3.21524257723589e-08
28.97946	29.02216	0.20202020202020202	0.1855049909016504	0.1872054489869019	0.00013048293858090073	0.00013096340395075888	-0.009386855433688076	-0.01037298168150344	0.00012316053075499953	0.0001250597703167669	-9.414156487501832e-07	-1.0403150818878186e-06	3.0814164196630645e-08	3.3622820105199704e-08
28.97946	29.02216	0.25252525252525254	0.2338939750380915	0.234776922592773	0.00013093606436712264	0.00013288775555864963	-0.006284743747384192	-0.007445989042238255	0.00012330232167346436	0.00012454551950507407	-6.303022512670938e-07	-7.46764521335699e-07	2.2586774872669302e-08	2.5641272343685873e-08
28.97946	29.01965	0.30303030303030304	0.27855576602048004	0.2786543762295212	0.00013161839514038364	0.00012969777536989122	0.0019617830498536715	0.0020786791987983085	0.00012450766503791386	0.00012259945531952816	1.96748876727878e-07	2.084724901011241e-07	1.3810628929206399e-08	1.3793569455572691e-08
28.97694	29.01965	0.35353535353535354	0.3152360373629386	0.3170719140722703	0.00012835248960311525	0.00012728803393342335	0.016830087833222738	0.017340890204409935	0.00012116611351926895	0.00012220310804580585	1.6879037040640595e-06	1.739132504704637e-06	5.2053398634068e-08	5.357204577115716e-08
28.97442	29.01965	0.40404040404040403	0.3438534471343726	0.3437761948964003	0.00012551614803675188	0.0001255873398932209	0.039319037983455214	0.03968656063400405	0.00012119829342036265	0.0001186150363475463	3.943339482845774e-06	3.980198639454824e-06	1.1887185546217292e-07	1.1994543743670065e-07
28.9719	29.01712	0.45454545454545453	0.3633882660309048	0.36439754352897924	0.00011299464691385271	0.00011706089716763632	0.06755280914646301	0.06743818563935584	0.00011856528089855098	0.00012096921464370402	6.7749282064449915e-06	6.763432518238476e-06	2.0350721140966192e-07	2.0317733415376654e-07
28.96938	29.0146	0.5050505050505051	0.3790341163303561	0.3791481769874912	0.00012290530252225665	0.000125503877867715	0.10202855804006664	0.10297374711851387	0.00011753472108063782	0.00011864066882595366	1.0232530141416773e-05	1.0327323951310187e-05	3.0706882819518307e-07	3.0991356921377664e-07
28.96938	29.01207	0.5555555555555556	0.392084291436358	0.3920488462919096	0.00012602173435742074	0.00012437738428623093	0.13849657265243778	0.14102420045452707	0.0001223181581247539	0.00012076673379916854	1.3889938085692287e-05	1.4143436009881364e-05	4.166976605776712e-07	4.2429158735923645e-07
28.96938	29.00955	0.6060606060606061	0.40410337637885546	0.40339311127165167	0.00012638243283789814	0.00012901431623954873	0.17820906931320363	0.17992341851275492	0.0001188314639508672	0.0001227544369222489	1.7872737871146688e-05	1.804467139833065e-05	5.360816032952267e-07	5.412449116153672e-07
28.96938	29.00704	0.6565656565656566	0.41337001033534504	0.4121857781629404	0.00012596111515252487	0.0001263423131270279	0.2196814021435035	0.2212865846469014	0.00012157485666231111	0.0001209387569979501	2.2032033110370425e-05	2.219301821752095e-05	6.607862447792995e-07	6.656117176174892e-07
28.96938	29.00704	0.7070707070707071	0.42098708018442665	0.4204713078902101	0.00012723989691662335	0.00012396616463974	0.2632265071580792	0.26285534608102795	0.0001238918402352	0.00012132845807412262	2.639920842022658e-05	2.6361984362754784e-05	7.917295699705188e-07	7.906094727107311e-07
28.96938	29.00454	0.7575757575757576	0.4269677667705643	0.42741219435082395	0.00012354994262580774	0.00012518595098328508	0.3069803922900453	0.30770543132271827	0.00011854542752530002	0.00012096294102757357	3.0787322464150564e-05	3.086003724026861e-05	9.232948237218312e-07	9.254782850280371e-07
28.96938	29.00204	0.8080808080808081	0.4340890593831444	0.4331302227824273	0.00012679117776040022	0.0001263651233091521	0.3510285680306371	0.35260282183408137	0.00011391117009312811	0.00011485182387500059	3.520495116143186e-05	3.536283440317735e-05	1.0557513518848362e-06	1.0604865352064137e-06
28.96938	29.00204	0.8585858585858586	0.43871192368587825	0.4385687806806734	0.00012464068019556881	0.00012597699085725955	0.39447269707172605	0.3956425846125183	0.00011624552761251601	0.00011959781157878211	3.956199950573925e-05	3.967932851394226e-05	1.1864014661070917e-06	1.1899229787460107e-06
28.96687	28.99954	0.9090909090909091	0.4435606385238181	0.44479303893079203	0.00012760604473159844	0.0001242818601465372	0.4408206211994737	0.4416411799567012	0.00012232224529243826	0.0001224682655725519	4.421027190848197e-05	4.429256643834131e-05	1.3257885116375547e-06	1.328256304477239e-06
28.96436	28.99954	0.9595959595959596	0.4489805646499162	0.4481794150847861	0.0001264268441394202	0.00012453912502628819	0.48664500700706126	0.48839665433194107	0.00012261839007563898	0.00012114789458738614	4.880603821151953e-05	4.8981712399151644e-05	1.463596486756028e-06	1.4688630093962227e-06
28.96185	28.99702	1.0101010101010102	0.45230241087962836	0.4512699574413375	0.00012582299905666052	0.00012724766060373413	0.5329265222775167	0.5352708437164704	0.00011856221763278654	0.00011872097222334106	5.344765041395213e-05	5.368276438837332e-05	1.6027767802042912e-06	1.6098270585722433e-06
28.96185	28.9945	1.0606060606060606	0.4559214520411441	0.45588191604398437	0.00012879540327968795	0.00012504880085911408	0.5801186576322124	0.5816196805636918	0.000117816978810514	0.00011625236623671927	5.818058947269204e-05	5.8331128328521896e-05	1.7446991489609139e-06	1.7492121957447446e-06
28.95935	28.99198	1.1111111111111112	0.45963592038100926	0.45823992699965826	0.00012632422713097568	0.00012377566674312248	0.6259421337294261	0.6273603693178592	0.00012204750496490329	0.00012104992999480554	6.277626454010892e-05	6.291850058347801e-05	1.8825092652391579e-06	1.8867737557398319e-06
28.95935	28.98946	1.1616161616161615	0.46302865689961814	0.4625083403561134	0.00012643243429403351	0.00012830396268480093	0.6737628788881453	0.675469495613837	0.00011920617283239967	0.00012297042041802393	6.757224740629278e-05	6.774340543715144e-05	2.026321696464355e-06	2.0314563735714745e-06
28.95935	28.98946	1.2121212121212122	0.467372959219187	0.46755427476578826	0.00012784957868499681	0.00012760617128280302	0.7215158507526479	0.7234239708095225	0.00011954038640501567	0.00011935208081703879	7.236143323163654e-05	7.25528002015367e-05	2.1699326814879935e-06	2.175671004240765e-06
28.95935	28.98696	1.2626262626262625	0.47001953000466495	0.46920065495692753	0.0001267767341186991	0.0001280299810349796	0.7678869716680974	0.7706825116516616	0.0001136907002280847	0.00011697657327224056	7.70120320597831e-05	7.729239912262176e-05	2.3093850416573434e-06	2.3177939406469503e-06
28.95935	28.98446	1.3131313131313131	0.4731168903195374	0.4721421488472074	0.00012529446123015728	0.00012967554727085553	0.815623569508384	0.81706727987171	0.00011846323335113885	0.0001225631650378984	8.179957572042764e-05	8.194436665045732e-05	2.4529495565547486e-06	2.457293368306958e-06
28.95935	28.98196	1.3636363636363635	0.4756307663774956	0.4757966341248196	0.00012674848104946037	0.00012476681173555044	0.8639087218772803	0.8651554784580657	0.00011944229631325925	0.00011611082301504966	8.664213437742256e-05	8.676717264648137e-05	2.5981620226601957e-06	2.601909983922159e-06
28.95684	28.97946	1.4141414141414141	0.47899260464924714	0.47778610646321623	0.00012589668092782486	0.000128118955574658	0.9120769764631348	0.9128475020023611	0.00012001972643750915	0.0001225928404432484	9.147296925715924e-05	9.155024591338493e-05	2.743022880681138e-06	2.7453412941427647e-06
28.95684	28.97946	1.4646464646464645	0.4817677776895826	0.48084211006338773	0.00012406941300777168	0.0001261811942047821	0.9606327676682563	0.9611963332448665	0.00012073985701684764	0.00012115241542854182	9.634267051130843e-05	9.63991909783238e-05	2.8890493949720995e-06	2.8907444308168525e-06
28.95434	28.97694	1.5151515151515151	0.48334281509082455	0.4823299019000271	0.00012782294164141568	0.0001257250508634869	1.0087573561561651	1.0111649048098021	0.00012002338397719284	0.00011880924858495586	0.00010116912608125215	0.00010141058116636267	3.033778639058577e-06	3.041018607158039e-06
28.95184	28.97442	1.5656565656565655	0.4848287840101491	0.48429392586892184	0.00012353346032044612	0.0001273362562636019	1.058189653306507	1.0589046856603659	0.0001165503121514364	0.00011831069115689366	0.0001061267328559329	0.00010619844405379259	3.182439792010832e-06	3.184590831408526e-06
28.95184	28.9719	1.6161616161616161	0.48723950720345344	0.48689278203687314	0.00012468554559869052	0.00012725044864969924	1.104255567218356	1.1068032106448311	0.00012178170088019202	0.00012158224465053475	0.00011074672221626277	0.00011100222752430359	3.3209802308771815e-06	3.3286419338547682e-06
28.94933	28.96938	1.6666666666666667	0.4888100008115866	0.48928987353642606	0.00012521490481523317	0.0001248950507595723	1.1545425372649454	1.1554790840948408	0.0001206896636207962	0.00012160227655882608	0.00011579004485657862	0.0001158839719280755	3.4722127944738713e-06	3.4750296849227766e-06
28.94933	28.96938	1.7171717171717171	0.49101350729146	0.49060225273087316	0.0001272912396995842	0.0001259713917825221	1.2006234603555161	1.2013439520140656	0.0001191897217744287	0.00011657982108115765	0.00012041153950010191	0.00012048379821623363	3.610796068745821e-06	3.612962019741242e-06
28.94933	28.96687	1.7676767676767677	0.49280212381131594	0.4917760344918152	0.00012586370620619314	0.00012366238541815732	1.2506852781270208	1.2519747925819764	0.00012017897032213591	0.0001188410274822999	0.00012543228142884572	0.00012556160792116902	3.761352391738961e-06	3.7652300533419176e-06
28.94933	28.96436	1.8181818181818181	0.4955400340074877	0.49408405653553183	0.0001258638390618888	0.00012425061009501052	1.2991159826077325	1.3009085669047828	0.00012011810068241112	0.00012069545211003417	0.00013028943762989997	0.00013046921742099917	3.907003012356254e-06	3.912394215282102e-06
28.94933	28.96185	1.8686868686868687	0.4968292375305648	0.4953800764325413	0.00012131009501967114	0.0001258272026511706	1.3473697518094991	1.3495898999756735	0.00011798229292531944	0.00011873642840164482	0.00013512884884259342	0.00013535150937475413	4.052120957130936e-06	4.0587980628661115e-06
28.94933	28.95935	1.9191919191919191	0.4989273174269507	0.4973777263909165	0.00012245121266761668	0.00012313471877896802	1.395971935939186	1.3984795545964852	0.0001216005201406137	0.00012001615997542509	0.0001400032028822772	0.00014025469407245866	4.198288464357193e-06	4.205829431664255e-06
28.94933	28.95935	1.9696969696969697	0.5002356061201327	0.4991504400670039	0.0001264343911734794	0.00012798300079988766	1.4459327768284806	1.4475616132528883	0.00012401102668555284	0.00012423632847992784	0.00014501381775433564	0.00014517717513317505	4.348541655756107e-06	4.35344029189744e-06
28.94682	28.95684	2.0202020202020203	0.5021187437020901	0.5010349402468419	0.00012225982877251117	0.00012546599435771645	1.495021203457501	1.496770576506446	0.00011987773180928508	0.0001212062919392415	0.00014993693746439686	0.00015011238356297724	4.496169348821126e-06	4.501430783401163e-06
28.94682	28.95434	2.0707070707070705	0.5044812989070522	0.5034692945905584	0.00012495772025803684	0.00012295611445529804	1.544649998048598	1.5469292773903203	0.0001185076575284442	0.00011705243637439254	0.0001549142511331459	0.00015514284198077626	4.6454229955808e-06	4.652277347724502e-06
28.94432	28.95184	2.121212121212121	0.5050338796205036	0.5039637089131203	0.00012069553907160389	0.00012178610848094428	1.5932480907861042	1.5946722432718723	0.0001203334798385454	0.00012196165050451692	0.00015978819484365703	0.0001599310242976504	4.791577755284467e-06	4.795861176833962e-06
28.9418	28.94933	2.1717171717171717	0.506784778871267	0.5060581534100757	0.00012298466582890484	0.00012051780087559452	1.643519140901151	1.6439457950664944	0.00012239663906988662	0.00012229116661568212	0.00016482992086061087	0.0001648727103667129	4.942763847402102e-06	4.944046944495852e-06
28.9418	28.94933	2.2222222222222223	0.5093954500873678	0.5076177397658037	0.00012266952817642363	0.00011991627449953623	1.6924051569719862	1.6940121603474212	0.00011707661139787065	0.00011196280956080016	0.00016973274064506933	0.00016989390836901226	5.08978281979062e-06	5.094614581180599e-06
28.93929	28.94682	2.2727272727272725	0.5104692561941817	0.5094186257587379	0.0001201709514644412	0.0001240069621112899	1.741030088065961	1.7425979719948803	0.00012014934208196927	0.0001229998410226738	0.00017460937599698736	0.0001747666203986441	5.236018621577822e-06	5.2407345561406744e-06
28.93929	28.94432	2.323232323232323	0.5125427969058101	0.5111995170548038	0.00012282628970652757	0.00012236355162507185	1.7907666813657186	1.792191742666572	0.00011826828387453803	0.00011780832061987366	0.0001795975008891504	0.00017974042148897524	5.385596530229459e-06	5.389882173148086e-06
28.93929	28.9418	2.3737373737373737	0.5128013649289127	0.5108096204658717	0.00012303219520901442	0.00012389471675505815	1.8393042784335658	1.8422440075067152	0.00011762862597487094	0.00012311352542819506	0.00018446537743792657	0.00018476020534617543	5.531568878374746e-06	5.54041105023043e-06
28.93679	28.93929	2.4242424242424243	0.5145881637490534	0.513112191580229	0.0001216474594212757	0.0001230355830662647	1.8890395119285617	1.8910126709393216	0.00012085150018884412	0.00012285671939490673	0.00018945336595412311	0.00018965125573556528	5.681143850595123e-06	5.687078382649472e-06
28.93679	28.93929	2.474747474747475	0.5147353974259926	0.5139996834662246	0.00012517123446161574	0.00012194972164075484	1.9393492228549145	1.9405832449749654	0.00012088591856201799	0.0001175749664988009	0.00019449896929645116	0.00019462273041570208	5.832445839028549e-06	5.836156370664236e-06
28.93679	28.93929	2.525252525252525	0.5157833013118636	0.51527798079101	0.0001231670062136084	0.00012317433224882829	1.9899241153242593	1.989878629805566	0.0001213802975535065	0.00011874396999087423	0.00019957116791939215	0.00019956660613835783	5.984545447755152e-06	5.984408122088719e-06
28.93429	28.93929	2.5757575757575757	0.5171951995657235	0.5168930069880546	0.00012387149280458756	0.0001253593728974304	2.0380013988727272	2.038494461895363	0.00012360334175805544	0.00012404984719276545	0.0002043928792370602	0.00020444232894347236	6.129134077524278e-06	6.130617011679477e-06
28.93429	28.93929	2.6262626262626263	0.5182103848567188	0.5174369536278584	0.00012388850898323807	0.0001218711575468618	2.087644293974619	2.0886704472763404	0.00012111406824389974	0.00012058713348936603	0.00020937160705792988	0.00020947452083806443	6.278430214396087e-06	6.28151617828927e-06
28.93179	28.93679	2.676767676767677	0.5201498706913235	0.5194286983293561	0.0001200530423080637	0.00012255798824288653	2.1378298313145225	2.139193942020135	0.00011964948218642588	0.0001223868195190167	0.0002144047569265392	0.0002145415647397588	6.429358537555053e-06	6.433461499049513e-06
28.93179	28.93429	2.727272727272727	0.5202339390647774	0.5187820514171809	0.0001226823616893849	0.00012126652313562335	2.1851670654738498	2.186890056921953	0.0001131319958157155	0.00011205804482748975	0.00021915224806677864	0.00021932504833235914	6.571719971264914e-06	6.576901533649571e-06
28.92677	28.93179	2.7777777777777777	0.5210005539197056	0.5200253580224468	0.00012181882331712866	0.00012306331369830027	2.2322582229770465	2.2344087783008666	0.00011964742444346722	0.00012105626953467434	0.00022387505997162235	0.00022409074097892555	6.713343682829147e-06	6.719811544512779e-06
28.92677	28.92929	2.8282828282828283	0.521901224128637	0.5212186778855417	0.00012219617997104326	0.00012222748246266596	2.283331638568651	2.283904300322192	0.00011593775534977936	0.00011912072751638904	0.00022899725589897211	0.00022905468862924403	6.866941898510945e-06	6.868664676962642e-06
28.92677	28.92929	2.878787878787879	0.5242256046802569	0.5222411339753983	0.00011957855738721032	0.00012334937674120372	2.3323572935682697	2.335358428778452	0.00012019116814993143	0.00012383709213241762	0.00023391408018937616	0.00023421506657090083	7.0143830357768034e-06	7.023409326786952e-06
28.92677	28.92929	2.929292929292929	0.5256279629699324	0.5236971114473542	0.00011763494994959127	0.00012103840072264632	2.3838514499677768	2.383620836143813	0.00012065520706175698	0.0001229542540210111	0.00023907847256722262	0.000239055344112307	7.169247329415711e-06	7.168554171219616e-06
28.92677	28.92677	2.9797979797979797	0.5255466209076727	0.5234358171132797	0.00011984641859257956	0.00012301335444015628	2.4317599822418927	2.433222341667883	0.00011761757979684917	0.00012040388486278978	0.0002438832596772533	0.00024402992093750707	7.3133275999068925e-06	7.3177259756418334e-06
28.92425	28.92425	3.0303030303030303	0.526385489326284	0.5255325337348792	0.00012145438660444895	0.0001216516859167788	2.4807369695127997	2.483379678148099	0.00011728680200547432	0.00011601608255870058	0.00024879520304009624	0.0002490602425181124	7.4606216196158615e-06	7.468569138924648e-06
28.92173	28.92173	3.080808080808081	0.5278591893704642	0.526531359728437	0.00012054142210347272	0.00012276072181884856	2.5308465445290556	2.531698489638926	0.0001199985637560181	0.0001219033835376369	0.0002538207345831968	0.0002539061768768354	7.611322285548666e-06	7.613884741530107e-06
28.91921	28.91921	3.131313131313131	0.5282100054155171	0.5274461171101621	0.0001180719188402896	0.00012243718247234033	2.5819959213548143	2.5823143199856675	0.00011961653345365756	0.00012093938373185014	0.00025895054872678914	0.00025898248119402944	7.765149580548088e-06	7.766107343163836e-06
28.91921	28.91921	3.1818181818181817	0.5303008190225795	0.5276133454839698	0.00011957519063537868	0.00012013587915994501	2.631464152064924	2.6326927168587377	0.0001147574790879932	0.00011515498867425201	0.000263911759308487	0.00026403497310788666	7.91392031677169e-06	7.917615178461075e-06
28.91921	28.91921	3.2323232323232323	0.5298095811649819	0.5290102477151783	0.00011975114593888077	0.0001230765818093555	2.6786249024117215	2.6808928103737704	0.00012096619212582856	0.000123000437887365	0.00026864155073831326	0.000268869001140685	8.055753159876391e-06	8.062574008330232e-06
28.91921	28.91921	3.282828282828283	0.5313087290051762	0.5299849891875085	0.00011930209246217719	0.00012032934366886491	2.731620533174683	2.7315800510629042	0.00012048153373624967	0.00012071335887985835	0.0002739565272464831	0.0002739524672613483	8.215132910603942e-06	8.215011198345392e-06
28.91921	28.91921	3.3333333333333335	0.5321689553954423	0.531348263973984	0.00012085027405308159	0.00012077267611751514	2.778564321171343	2.780240915738164	0.00012087961915341413	0.00011569380125585083	0.00027866455933921804	0.0002788327064224415	8.356312398652451e-06	8.361353875673592e-06
28.91921	28.91671	3.3838383838383836	0.533204136644581	0.5325852098917911	0.00011887258682647145	0.0001216604394572622	2.829282037427743	2.8302799897078748	0.00011715703245429398	0.00012129273128846521	0.000283751081880227	0.00028385116735612023	8.508841076395703e-06	8.511842915576078e-06
28.91921	28.91421	3.4343434343434343	0.5343983640962587	0.5353535652966492	0.00012120037067943285	0.00011983163871311118	2.8801393958787473	2.881300185199672	0.00011944235932421978	0.00012014342927687143	0.00028885160925471343	0.00028896802579477204	8.661790568613992e-06	8.66528164114575e-06
28.91921	28.91171	3.484848484848485	0.5342311357224511	0.535416730361756	0.00011936696767895514	0.0001195034798202136	2.928711107015411	2.9298405124445663	0.00011988909618306926	0.00011942758315690145	0.00029372290713222454	0.00029383617615530704	8.80786591755795e-06	8.811262445267527e-06
28.91921	28.9092	3.5353535353535355	0.5354835308262932	0.5357884499535349	0.00011923738956730072	0.00011986505108827012	2.9780683540076867	2.980588706594198	0.00012149949563865764	0.00012126383293338842	0.0002986729870632521	0.0002989257553499346	8.956303859550684e-06	8.963883573499665e-06
28.91921	28.9092	3.5858585858585856	0.5358138977495491	0.5359102337790884	0.00012127841471841563	0.00012047371176220826	3.0290639874877403	3.030881133959539	0.00012077537842328195	0.00011842760707025216	0.0003037873821570294	0.00030396962530935103	9.109668795450294e-06	9.115133399290099e-06
28.91671	28.9092	3.6363636363636362	0.5380324002520738	0.5371017379978397	0.00011969445467380255	0.00012091460119421277	3.0785049268866342	3.0794355589381706	0.000112946822218923	0.0001140156948810011	0.00030874585567010674	0.0003088391895434932	9.258357229986105e-06	9.261156158961157e-06
28.91671	28.90671	3.686868686868687	0.5380832958441022	0.5376634072098677	0.00011798328070150418	0.00011761544519819098	3.1268610382637307	3.1286072257273285	0.00011722911897749834	0.00011992433151894104	0.00031359553086588414	0.00031377065747942317	9.40378467669403e-06	9.409036529371632e-06
28.91421	28.90671	3.7373737373737375	0.538364584875045	0.5379705984617535	0.00012145007305281615	0.0001204719534419366	3.176083190718671	3.177771158631639	0.00012177309472742247	0.00011892965253800573	0.00031853206205181736	0.0003187013497775187	9.5518167086171e-06	9.556892768935008e-06
28.91171	28.90671	3.7878787878787876	0.5392361718885317	0.5395910777579441	0.00012096477276700954	0.00011989282053712949	3.2272771410710854	3.228464313110968	0.00011489080283092388	0.00011415178597717286	0.0003236663465119933	0.00032378540899718865	9.705777334779574e-06	9.709347566831882e-06
28.91171	28.90671	3.8383838383838382	0.5399509823015738	0.5393770436164674	0.00011791488483481394	0.00011884760228401885	3.275773802038825	3.2790478496743707	0.00011870568629356303	0.000119308751572652	0.00032853011754476234	0.00032885847454361357	9.85162740650049e-06	9.861473901428888e-06
28.9092	28.9092	3.888888888888889	0.5421744834783153	0.5422594609400058	0.00012154863691247782	0.00011996001304677354	3.326136279003551	3.32898139819298	0.00012180226895046557	0.00012044758259220581	0.0003335810128375841	0.0003338663522407963	1.0003088678187002e-05	1.0011644968857696e-05
28.9092	28.90671	3.9393939393939394	0.5429142872624428	0.5419150052789803	0.00012031357382920457	0.00012250547188180102	3.376430070920839	3.379003186455156	0.00011786712108163395	0.00011928171385920199	0.0003386250196490662	0.00033888307957628686	1.015434254152297e-05	1.016208113558454e-05
28.9092	28.90421	3.9898989898989896	0.543389615737994	0.5431873966446668	0.00012040277711422765	0.00011569841012145641	3.4265687581764883	3.4272883376377123	0.00011545327731634641	0.00011262736656960553	0.00034365347088321016	0.00034372563811430274	1.0305130143024838e-05	1.0307293903207955e-05
28.9092	28.90172	4.040404040404041	0.5446283780939715	0.5435845640324599	0.0001186906442604632	0.00011927961662690731	3.4771823142472953	3.4781698048581275	0.00011865119365737468	0.00011758762117287878	0.00034872954711135247	0.0003488285833776078	1.0457346514303997e-05	1.0460316188353706e-05
28.9092	28.89923	4.090909090909091	0.5452909296401984	0.5449773764393092	0.00011751797936808504	0.00011740947155061617	3.526397190618283	3.528197962303352	0.00011783756699676176	0.00011908110074528186	0.00035366534857268913	0.0003538459494838383	1.060535602037166e-05	1.061077182934268e-05
28.90671	28.89671	4.141414141414141	0.5461702418774753	0.5463633724722259	0.00012083018299902887	0.00011996247907484376	3.5746527774000287	3.5762170243878924	0.00011733488726034211	0.00011590273774733688	0.0003585049420720117	0.0003586618217217824	1.0750480583461217e-05	1.0755184768577204e-05
28.90421	28.89671	4.191919191919192	0.5474576277008371	0.5472040585905524	0.00012069622433966594	0.00012034995231647334	3.6247518943711388	3.625986824086939	0.00011997806217178094	0.0001207964718701787	0.00036352942476894384	0.0003636532769117379	1.0901149756483064e-05	1.0904863794621432e-05
28.90172	28.89671	4.242424242424242	0.5476507582955877	0.546763720834521	0.00011943916702199636	0.00011780664933363724	3.6744111631090455	3.676389327351009	0.00011808755990507986	0.00011939671481830992	0.00036850979471557974	0.00036870818647588094	1.1050495627190582e-05	1.1056444931408293e-05
28.89923	28.89671	4.292929292929293	0.5482928596607692	0.5470663678371186	0.00011817834493571718	0.00011779826723597402	3.724528016188959	3.726599426710837	0.0001184238653412187	0.00011745244623205051	0.0003735360561818232	0.0003737437996901852	1.1201217890054759e-05	1.1207447380465557e-05
28.89923	28.89923	4.343434343434343	0.5493175889345185	0.5485709687764587	0.00012139386618950026	0.00011923603700022256	3.774930519613783	3.776512505953937	0.00012016861996228038	0.00011950814369513664	0.00037859096576208835	0.00037874962450646244	1.1352799372850727e-05	1.1357556993844151e-05
28.89923	28.89923	4.393939393939394	0.5496425027586286	0.5494221066681483	0.00011821398793430984	0.00011741254181072871	3.825297541834632	3.8268113022353867	0.00011927970900857418	0.00012067853755158582	0.0003836423169024804	0.00038379413320984725	1.1504273871233367e-05	1.1508826525318853e-05
28.89923	28.89923	4.444444444444445	0.549404838520853	0.5497183917217425	0.00012100205555522483	0.00011764966121931193	3.8747193796543153	3.8767243813183168	0.0001191853621199963	0.00011802981152438837	0.00038859887470206754	0.0003887999580100609	1.1652905893522688e-05	1.1658935649665719e-05
28.89923	28.89923	4.494949494949495	0.5504591043557274	0.5503050543048557	0.00011758788788711536	0.00011744379841598967	3.9242935916229804	3.926093908452862	0.00011791263797645208	0.00011899335411112911	0.00039357071423357543	0.00039375126952691426	1.1801996051536963e-05	1.1807410462624837e-05
28.89923	28.89923	4.545454545454545	0.5508380947463676	0.5496879452515111	0.00011861022538180998	0.00011691720736646256	3.9750918188996827	3.9758750795315816	0.00011785213567069822	0.00011719000976526017	0.00039866531129271717	0.0003987438651621283	1.1954767459212798e-05	1.195712298451726e-05
28.89923	28.89923	4.595959595959596	0.5525444603541062	0.5516787808646942	0.00011877120567459016	0.00011855916276723116	4.025099507861495	4.0258909558867595	0.00011916535415270925	0.00011871076540211824	0.0004036806245974822	0.00040375999958747964	1.210516152637611e-05	1.2107541695123701e-05
28.89923	28.89923	4.646464646464646	0.5529688926852012	0.5514797427458689	0.00011733154751673801	0.00011639930491263901	4.075240469317782	4.076105603958626	0.00011588076416306745	0.00012113960254985809	0.00040870930391312627	0.0004087960689959509	1.225595595349837e-05	1.225855828494922e-05
28.89923	28.89923	4.696969696969697	0.5526385263143732	0.5521595624393913	0.00011752633997624006	0.00011669738480203863	4.123917252077925	4.12692657289735	0.00011809850881106315	0.00011332730323005293	0.0004135911395123784	0.0004138929468355581	1.2402347518408192e-05	1.241139735165684e-05
28.89923	28.89923	4.747474747474747	0.5535064779284291	0.5525376439801739	0.00011900186715393183	0.00011962266172652319	4.174525347778162	4.175421869459934	0.00011427050303129147	0.00011518619205250842	0.0004186666681153507	0.0004187565810309833	1.2554546777836755e-05	1.255724307606377e-05
28.89923	28.89923	4.797979797979798	0.5542340122394783	0.5537518673899949	0.00011691617373586148	0.00011784239030244511	4.223252166641898	4.224944227937289	0.00012001690279846475	0.00011987151247075957	0.0004235535218776349	0.00042372322013211206	1.2701089149570585e-05	1.2706177868622615e-05
28.89923	28.89923	4.848484848484849	0.5543248972252433	0.5548561199670401	0.00011867072753463982	0.00011897561651584646	4.273762925440458	4.275853442864857	0.00012103025336823253	0.00012226972949346226	0.00042861928848063964	0.0004288289482363712	1.2852996129328525e-05	1.2859283303632857e-05
28.89923	28.89923	4.898989898989899	0.5549206483069332	0.5550142598422712	0.00011743151364811115	0.00011589290041084064	4.322713530947838	4.32454523476099	0.00011614568812639382	0.0001174098110571206	0.0004335285859941669	0.00043371228911453114	1.3000210535177122e-05	1.3005719345657588e-05
28.89923	28.89923	4.94949494949495	0.5554000666068437	0.5554750467201	0.00011731018493861	0.00011743869180079522	4.372950467904404	4.375040071652636	0.00011656315226825439	0.00011580222741630143	0.000438566890773684	0.0004387764588960622	1.3151293967302683e-05	1.315757820860135e-05
28.89923	28.89923	5.0	0.5552701010771998	0.5557149830723151	0.00011834271004284936	0.00011636947998020154	4.423416195058919	4.424940414788983	0.00011887513432245321	0.00011865390464763391	0.00044362814111512577	0.0004437810063974509	1.3303065636430159e-05	1.3307649580172546e-05
