# IV Measurement - T = 60.00 C - Pull number 0
# Td_go[C]	Td_return[C]	Vcc	Vd_go[V]	Vd_return[V]	ErrVd_go[V]	ErrVd_return[V]	Vr_go[V]	Vr_return[V]	ErrVr_go[V]	ErrVr_return[V]	Id_go[A]	Id_return[A]	ErrId_go[A]	ErrId_return[A]
#  - T Go Leg
59.18179	59.47312	-3.0	-2.046371237260619	-2.0444140290943937	0.00020904561664471436	0.00020575902283768445	-0.9728515604366926	-0.9704681192571626	0.00021931478609876146	0.00021779140447568824	-9.75681035439467e-05	-9.732906621774773e-05	2.925853708426639e-06	2.9186847608457195e-06
59.17353	59.48342	-2.836734693877551	-2.0110619658681976	-2.0088452810653883	0.0002077217823467325	0.00020086201878789816	-0.845895109791013	-0.8437545612813053	0.00021749390129121467	0.00021147610474709478	-8.483553402778187e-05	-8.462085661230622e-05	2.5440534635351294e-06	2.5376110612082637e-06
59.17353	59.477	-2.673469387755102	-1.970337314354703	-1.968913146631329	0.0002130843050631358	0.00022384591323755542	-0.724507451198957	-0.7203741821152947	0.00022005166547685138	0.00023172124067716887	-7.266146336365028e-05	-7.224693432106054e-05	2.179008316575396e-06	2.1665907285529566e-06
59.17353	59.48728	-2.510204081632653	-1.925605994727834	-1.9241931876241163	0.0002351159434554103	0.00023595339060020486	-0.606828678107775	-0.603819811040381	0.0002468502352316394	0.00024744185568116594	-6.085935995464597e-05	-6.055759813864015e-05	1.8251552371531603e-06	1.8161079634196757e-06
59.18179	59.48922	-2.3469387755102042	-1.8739356108915817	-1.8712190559712483	0.00024090397481245766	0.0002462844819483095	-0.49390496852755156	-0.49124452053917916	0.00025160465614598097	0.00025828002203056644	-4.953414587579496e-05	-4.92673273030969e-05	1.4855928788859679e-06	1.477604545616663e-06
59.19831	59.48086	-2.183673469387755	-1.8137588417293464	-1.8114821728378296	0.00024055751915040804	0.0002244492580697079	-0.389416091335955	-0.38657370127518775	0.0002514433078461731	0.00023789237734372153	-3.9054868251524926e-05	-3.876980255492807e-05	1.1714083231767418e-06	1.1628333866758278e-06
59.19831	59.48086	-2.020408163265306	-1.747390080566099	-1.747741804147165	0.00024633592401861047	0.00028730433589306027	-0.29399020075297005	-0.2910391003001473	0.00025496988147976496	0.0002994721585479259	-2.9484525198372284e-05	-2.9188556844864838e-05	8.845210452910691e-07	8.757912991861322e-07
59.19831	59.48086	-1.8571428571428572	-1.6687977435507106	-1.6663070398591442	0.0002756143227932038	0.0002703702819020725	-0.2109554766679363	-0.2093712160508155	0.00028350310230380063	0.0002784934430663506	-2.115690268457891e-05	-2.0998015851049593e-05	6.350680448017516e-07	6.302858608807507e-07
59.20658	59.48086	-1.6938775510204083	-1.5740674140379534	-1.571234983456586	0.00028958226528880485	0.000320417045915535	-0.13945633497871607	-0.13723072854981314	0.000303894714356154	0.0003357813083121814	-1.3986193458902424e-05	-1.3762985512968924e-05	4.205094022447427e-07	4.1408176384052255e-07
59.20658	59.4725	-1.5306122448979593	-1.4653921467343376	-1.462167093014465	0.0003661654284959674	0.0003315578094172892	-0.0845730532801634	-0.08396809613549916	0.00037325462865404625	0.0003404314790574651	-8.481902846270524e-06	-8.421231183983467e-06	2.570864601768589e-07	2.548247321168898e-07
59.21483	59.46415	-1.3673469387755104	-1.3369307636047438	-1.3328263976475947	0.00035172980830905137	0.00035219039532719394	-0.048069105074110746	-0.04717349875332122	0.0003646367072143035	0.0003632499589282672	-4.820891091576647e-06	-4.731069978269102e-06	1.4911760363257483e-07	1.4647322954122785e-07
59.20658	59.4558	-1.2040816326530615	-1.1958290966549487	-1.1926558473769624	0.00040248195075129984	0.00037948766470333206	-0.025377744397103615	-0.026575832903358354	0.0004117841262787989	0.0003898213065428943	-2.545155390342354e-06	-2.6653126971575925e-06	8.677849690976165e-08	8.897418372236966e-08
59.20658	59.44744	-1.0408163265306123	-1.0452822075595218	-1.0394891985668584	0.0004010354117244328	0.00039126497997317124	-0.015950870648200534	-0.015592899672724486	0.00041463565133562883	0.00040607371463716977	-1.5997262710059708e-06	-1.5638250599462928e-06	6.348584516655418e-08	6.210994781723897e-08
59.20658	59.44744	-0.8775510204081636	-0.8832860823903067	-0.880604975302276	0.00040240458122332726	0.0003771988154750629	-0.011898109718867844	-0.011745733231036892	0.0004165253817078492	0.0003905814634399156	-1.1932714591182274e-06	-1.177989492632323e-06	5.5003944995928425e-08	5.27468823105901e-08
59.20658	59.44744	-0.7142857142857144	-0.7235579920249336	-0.7199707616367876	0.0003853733069343218	0.00037929119599854625	-0.010492153537913272	-0.010350693612219786	0.0003969277494954337	0.0003929798981424456	-1.0522669278821855e-06	-1.0380797926205783e-06	5.079731696242909e-08	5.022284477236515e-08
59.21483	59.43911	-0.5510204081632657	-0.5617877160760297	-0.5594896891723133	0.00041148635817516463	0.0003732681260680187	-0.008775983494526796	-0.008845122882647839	0.0004286172128291984	0.00039037156300165336	-8.801507867342087e-07	-8.870848342842081e-07	5.044226423673817e-08	4.733274649723664e-08
59.21483	59.43078	-0.38775510204081653	-0.3967773902754856	-0.39255305616894837	0.00038324605432107727	0.0003787803838801692	-0.008317490796158815	-0.008594952547685178	0.00040195874734344646	0.00039700599746593436	-8.341681673010545e-07	-8.619950403856362e-07	4.744290296780329e-08	4.747072694212199e-08
59.21483	59.43078	-0.22448979591836737	-0.23508936523187338	-0.23354113954088318	0.0004043640280078773	0.0004123398276465884	-0.00874096091481347	-0.009601091402774375	0.0004211644947169477	0.00043090630261002623	-8.766383426751048e-07	-9.629015547863179e-07	4.975110573884741e-08	5.1974563175760915e-08
59.21483	59.42245	-0.06122448979591866	-0.07310323738229761	-0.07122691685628552	0.0003960241635459522	0.00040612930634519463	-0.007632934033556359	-0.007975439823552496	0.000416777521261497	0.00042628965367823437	-7.655133921929956e-07	-7.998635867568445e-07	4.7687578896015606e-08	4.9021605956904764e-08
59.21483	59.42245	0.1020408163265305	0.09179484534780355	0.09570380859420571	0.00036233397628741224	0.00036211278153823175	-0.0077216305994279024	-0.00839026779612386	0.0003888681121187166	0.00039007100468924365	-7.744088455950158e-07	-8.414670340110179e-07	4.539011100339892e-08	4.6552376434378705e-08
59.21483	59.42245	0.2653061224489792	0.24314561217670078	0.2480797580412275	0.000336301574396594	0.0003450791466928379	0.002787798499789143	0.004052750923860926	0.00036068706093357226	0.0003665704903740604	2.7959066290132813e-07	4.0645380843054117e-07	3.713250242307774e-08	3.873140828889507e-08
59.21483	59.41411	0.4285714285714284	0.35279834758125145	0.35461922827039527	0.00030421593001554037	0.00029965055417780504	0.058477993296689124	0.0590934135423552	0.00035320486678653515	0.0003529790053039137	5.8648072707540995e-06	5.926528286265691e-06	1.79399751798791e-07	1.8121008070926014e-07
59.22312	59.41411	0.5918367346938771	0.4119767429725393	0.41289377247749665	0.0002688600175446932	0.0002844413462417931	0.16061254221529292	0.16199621102927042	0.00032208138290800906	0.00033980952900940995	1.6107967326776944e-05	1.6246736639180667e-05	4.841078691232129e-07	4.883807920129736e-07
59.23141	59.41411	0.7551020408163263	0.44776588681516644	0.4490341867915175	0.0002654281806359711	0.00027141891495777637	0.2857895971927533	0.2877195492640594	0.00032560025632425463	0.0003258176321247322	2.866207975055193e-05	2.8855636271593563e-05	8.601088067814349e-07	8.659096447314044e-07
59.23969	59.41411	0.9183673469387754	0.47186358636636727	0.47233936926631753	0.00028020741285219263	0.0002817187533343721	0.42437260355320017	0.42893843996962355	0.0003362099838339666	0.0003471200212074736	4.256068634572261e-05	4.301859793096214e-05	1.2767110375953366e-06	1.2904667302326096e-06
59.24798	59.40578	1.0816326530612246	0.4916092615236187	0.49060543370537496	0.0002838000440436667	0.00028142046170130414	0.5677852619822684	0.5743570069793292	0.00035118313456268774	0.00034410586676699383	5.694366282040602e-05	5.760274866907324e-05	1.7079306555951193e-06	1.7276761594410208e-06
59.24798	59.39745	1.2448979591836729	0.5048012155017382	0.5062840025997017	0.0002837238850173787	0.00028999117240840734	0.7203314088699483	0.7236518517280779	0.0003491825781229975	0.000359686368552545	7.224264455620784e-05	7.257565457106387e-05	2.1666204878486415e-06	2.1766223517926597e-06
59.24798	59.38912	1.408163265306122	0.5162513589885535	0.5163931395663469	0.00028747207294498413	0.00029096841857354053	0.871109989196807	0.8749416892915326	0.0003542151866800921	0.00035433556171582273	8.736435555077796e-05	8.774863998511007e-05	2.620032473116054e-06	2.6315551042575193e-06
59.24798	59.38079	1.5714285714285712	0.5256597698791197	0.5262496162725654	0.0002827745678382231	0.0003071420958525578	1.025174444418146	1.0299276811215983	0.0003519794903486279	0.00038128694734880573	0.00010281560970997353	0.0001032923158280612	3.0833298801111466e-06	3.0976588059249667e-06
59.24798	59.38079	1.7346938775510203	0.533672193059996	0.5326651874177194	0.0002986707994269847	0.0003224355256655015	1.1817465162850476	1.187022836453473	0.0003660040677429333	0.00039751698961169277	0.00011851835485759178	0.00011904752145757426	3.5541949807519067e-06	3.5700961311751206e-06
59.24798	59.38079	1.8979591836734686	0.5400800389813601	0.540033233213691	0.0003061651177736356	0.0002923228627826058	1.337171444537442	1.3415812644078213	0.00037983523252767466	0.0003619225728592045	0.00013410605200455742	0.00013454831655880265	4.0216135341960465e-06	4.034858550669744e-06
59.24798	59.38079	2.0612244897959178	0.5464519857768131	0.5469909337422296	0.000310896311213301	0.00031824730143208	1.4952040552426482	1.4991199035469562	0.00038551502852749857	0.0003959941845777795	0.00014995527582415487	0.00015034799955340047	4.496869402429457e-06	4.508654694848679e-06
59.24798	59.38079	2.224489795918367	0.5517137715842138	0.5530302406030204	0.000306698977090817	0.00031954364795771124	1.6563101236129	1.6574768271673839	0.00038067391820650025	0.00039369537927884824	0.0001661127393052753	0.00016622974898880592	4.981362737161448e-06	4.984881572065306e-06
59.24798	59.38079	2.387755102040816	0.5568896715235327	0.5564725047704138	0.00031936850512725247	0.0003204426551318503	1.8115967732527303	1.8176336127625063	0.0003921893909520292	0.0003947097767971124	0.00018168656837355633	0.00018229200809973987	5.448370235047431e-06	5.466526886286857e-06
59.25626	59.37247	2.5510204081632653	0.5617229350665176	0.5616047888497622	0.0003021906927096817	0.0003147257581691229	1.9702634559692407	1.9760419362516495	0.00037585498849934944	0.0003899871995327377	0.000197599383809973	0.0001981789124713318	5.925525148820388e-06	5.942912261163736e-06
59.26454	59.37247	2.7142857142857135	0.565857293068969	0.5645303722767995	0.0003301085115700059	0.0003240923101969158	2.1330383867753677	2.1376920101928816	0.0004050895446272943	0.0004013453615164396	0.00021392421891238268	0.00021439093473000516	6.415066110591644e-06	6.429058858164234e-06
59.27281	59.36414	2.8775510204081627	0.5687333474627914	0.568886035219589	0.00033206683580137467	0.00032898792190291185	2.2878196935208117	2.2913857584368698	0.0004100491504724288	0.0004088095989400489	0.00022944736671555628	0.0002298050103737709	6.880552408420737e-06	6.891276123274264e-06
59.28109	59.3475	3.040816326530612	0.5714417210193019	0.5715912268208854	0.000306889478215022	0.000327073210786772	2.4489248544423585	2.451905518471165	0.00038112470183408086	0.00040539906268334145	0.0002456047391878807	0.00024590367249735886	7.365039214769253e-06	7.374016217168134e-06
59.28109	59.3475	3.204081632653061	0.5753043329143159	0.5741482758953848	0.0003163797550914594	0.00032976391678661646	2.611167602449237	2.6147045563915645	0.0003886871958873504	0.0004003194915313013	0.0002618762012284863	0.00026223092532259195	7.852968497217014e-06	7.863611334050203e-06
59.28109	59.3475	3.3673469387755093	0.5784321427155197	0.5785034844132454	0.0003319200694707886	0.0003252093686475571	2.767119253954626	2.7736345996452094	0.00041033774470430363	0.0003970729559931604	0.0002775167238947574	0.0002781701534094082	8.321985260558819e-06	8.341572930562336e-06
59.28109	59.3475	3.5306122448979584	0.5813086494988833	0.5812141291136876	0.00031423279084822703	0.0003221017390143804	2.9286883642560646	2.9352455541682256	0.0003939514983913591	0.00040116621213422864	0.0002937206262417074	0.0002943782523486336	8.807877928991845e-06	8.827601208374087e-06
59.28109	59.3475	3.6938775510204076	0.5840511039443433	0.5849181467085418	0.00035243093966775435	0.00034134651393722304	3.088234279335136	3.093518786896926	0.00043782991808273195	0.00042290698120476974	0.0003097216206333503	0.00031025160835391894	9.287714327386951e-06	9.303599928507804e-06
59.28109	59.3475	3.8571428571428568	0.5858688108743877	0.584291040306763	0.000315607515898158	0.0003186693735261796	3.2491247463467814	3.2569341563749954	0.00038872944286772707	0.0003931955937664275	0.000325857461272368	0.0003266406735909132	9.77155314303157e-06	9.79504090775409e-06
59.28109	59.3475	4.020408163265306	0.5877719352615639	0.586934884542668	0.00031591286263141726	0.00032234769125343016	3.413885121288855	3.419670422955931	0.0003910447758041081	0.0003982277704280829	0.0003423814182417867	0.0003429616310255673	1.0267053546856573e-05	1.0284455011271064e-05
59.28109	59.33919	4.183673469387754	0.5902835418431808	0.5901649369367574	0.0003393958168383184	0.00034264438390957283	3.5712213498698047	3.57877285568327	0.000419848143515877	0.00042256213959991	0.0003581608013107817	0.0003589181481981015	1.074023694704628e-05	1.0762948373658713e-05
59.28939	59.3309	4.346938775510203	0.5918431281989089	0.5917386104652791	0.00031908203723444046	0.00034545198401318147	3.7346303519348867	3.7407235920003	0.0003982644047133133	0.0004351905238096096	0.0003745492279545569	0.0003751603241400361	1.1231664559083744e-05	1.1250003119627231e-05
59.29769	59.3226	4.5102040816326525	0.5937530761747611	0.5942152263273764	0.0003284886001031028	0.0003236617915860628	3.8997150367418567	3.900660225820304	0.0004111240112180194	0.0004029020099810772	0.0003911057102338639	0.0003912005040437573	1.172814462389527e-05	1.1730984315439514e-05
59.30599	59.31429	4.673469387755102	0.5954712568306493	0.5953830983944571	0.00034815589052403527	0.00033166014513894736	4.060529542937285	4.065515665496447	0.00043662060705359286	0.0004153122667172746	0.0004072339326985543	0.00040773399513553774	1.2211787052139257e-05	1.222677484242556e-05
59.31429	59.31429	4.836734693877551	0.5965746005578368	0.5967968143480323	0.00031949972861861406	0.00032682454523701843	4.2214882382269705	4.221869864047061	0.00039974773431367453	0.00040530067676985916	0.00042337661600912353	0.00042341488958450116	1.2695841876612054e-05	1.2696991349815187e-05
59.31429	59.31429	5.0	0.5981819015310915	0.5984795498492765	0.000327940838544308	0.0003380578707828867	4.382184027218609	4.383121938614066	0.0004101861621850362	0.00042480204721987737	0.00043949293222531434	0.00043958699615024227	1.317912214661277e-05	1.3181947480293992e-05
