# IV Measurement - T = 39.00 C - Pull number 1
# Td_go[C]	Td_return[C]	Vcc	Vd_go[V]	Vd_return[V]	ErrVd_go[V]	ErrVd_return[V]	Vr_go[V]	Vr_return[V]	ErrVr_go[V]	ErrVr_return[V]	Id_go[A]	Id_return[A]	ErrId_go[A]	ErrId_return[A]
#  - T Go Leg
39.45538	39.33812	-3.0	-2.0680677554873896	-2.0686335145237758	0.00011311227770371714	0.00011586236332185797	-0.9494829203481068	-0.9479200379305088	0.0001327151762785371	0.0001368952599773669	-9.522444291927658e-05	-9.506770012340877e-05	2.855522790037893e-06	2.8508245890152585e-06
39.45538	39.3419	-2.836734693877551	-2.030812633264804	-2.030889888787627	0.00011544057967756785	0.00011361349527555737	-0.8247670863579649	-0.823383416879314	0.00013279858042210204	0.0001342314725240269	-8.271658673733477e-05	-8.257781735827039e-05	2.4804549151968672e-06	2.4762944802368166e-06
39.45538	39.34567	-2.673469387755102	-1.991350830155476	-1.9908786826544267	0.00011228876866462583	0.00011266431115467179	-0.7032698076658578	-0.7007367191298267	0.00013319440135680415	0.0001364163734794436	-7.053152218091042e-05	-7.027747659510849e-05	2.1150682725458466e-06	2.107452442631036e-06
39.45538	39.34567	-2.510204081632653	-1.9449004216838346	-1.9433744638698276	0.00011941470731040831	0.00011760765404271197	-0.5872285169410147	-0.5842523994529107	0.0001375546573643978	0.00013742375057659734	-5.8893643259554184e-05	-5.8595165926477863e-05	1.7660953346769423e-06	1.7571450776050316e-06
39.45538	39.34945	-2.3469387755102042	-1.890841578822849	-1.8892142857614274	0.00012002433536560965	0.00012008482913899308	-0.47584585304074184	-0.47414514949679853	0.00013654105599093078	0.00013720631947702167	-4.7722981951734214e-05	-4.755241695886055e-05	1.4311327716579404e-06	1.4260189229142685e-06
39.45538	39.34945	-2.183673469387755	-1.8308556708122967	-1.828823936661431	0.00011847229441511158	0.00011729638165944054	-0.3728011395721418	-0.36906723334260694	0.0001301176481290102	0.00013302152798455702	-3.73885407253176e-05	-3.70140641202093e-05	1.121244698602695e-06	1.1100195130604048e-06
39.45538	39.34945	-2.020408163265306	-1.7636553108063697	-1.7608206080866986	0.00011290980938055845	0.00011532250054572518	-0.2795940340865335	-0.2761225792998591	0.00013927222407104236	0.00013880361989482932	-2.8040721501006268e-05	-2.7692566372466062e-05	8.409720586440317e-07	8.305326131219016e-07
39.45538	39.34945	-1.8571428571428572	-1.6821255716859753	-1.6797607443482332	0.00011903491216019822	0.00011903984444052233	-0.19869894880083364	-0.19601393863236682	0.00013578127247660488	0.00014046786319948031	-1.992768516706786e-05	-1.9658403232611256e-05	5.977258826592255e-07	5.896641020946376e-07
39.45538	39.35322	-1.6938775510204083	-1.5853239739498821	-1.5824047480067283	0.00012180000307117693	0.00011858999655550526	-0.1290901852685079	-0.1288190915770957	0.00014175916043308726	0.00014180905129871152	-1.2946563561178207e-05	-1.291937534621359e-05	3.8848834497826845e-07	3.876737838131474e-07
39.45538	39.35699	-1.5306122448979593	-1.4746828644151546	-1.469661923365579	0.00012046112906320852	0.00012118424113392032	-0.07902700397388966	-0.07859944009787684	0.0001377052487483022	0.00014154615294720461	-7.925684883551266e-06	-7.8828041417989e-06	2.38068133317913e-07	2.368072270189483e-07
39.45917	39.36076	-1.3673469387755104	-1.341573623171279	-1.3384421809180165	0.0001228024196773218	0.00012272736016330352	-0.043909454412923425	-0.04284099957581235	0.00014367144943518948	0.00014434559733194887	-4.403716218325486e-06	-4.296559981527665e-06	1.3283785285107952e-07	1.2965152252308346e-07
39.45917	39.36453	-1.2040816326530615	-1.200565113263165	-1.196403489809568	0.00012568201374088506	0.00012603407590984242	-0.024560369611273874	-0.023873083429147752	0.00014932903484654085	0.00014945565403188879	-2.4631801836600015e-06	-2.394251672765796e-06	7.536628137500726e-08	7.334428920824827e-08
39.46296	39.36453	-1.0408163265306123	-1.0462860322512797	-1.0445060497810885	0.00012212308280930533	0.0001222008283867789	-0.01465089452449613	-0.01384398140887473	0.00015006053935219242	0.00014971028896354152	-1.469350569100003e-06	-1.3884245721466984e-06	4.6560679260587366e-08	4.425923848079215e-08
39.45917	39.36453	-0.8775510204081636	-0.886679727763485	-0.8813797698059229	0.0001284974822483921	0.0001270080734661072	-0.010454855395335964	-0.010738230182731553	0.00015155452574964042	0.00015459519799805048	-1.0485262657041384e-06	-1.076946162143371e-06	3.492323726586037e-08	3.582336711264905e-08
39.45917	39.36453	-0.7142857142857144	-0.7251321199460814	-0.7231603702122116	0.00012814552254758084	0.00012967753918584834	-0.009410507888091654	-0.009128042818471951	0.0001551837905324782	0.00016268159309944014	-9.437877733518859e-07	-9.154591132756946e-07	3.2298422973338984e-08	3.1934277780992236e-08
39.45917	39.36831	-0.5510204081632657	-0.5631959789355138	-0.5590698005380786	0.00013261324038846585	0.00013615490545446624	-0.008036845245882766	-0.007203550557781257	0.00016451342366094498	0.00017026024570326395	-8.060219883545047e-07	-7.224501612457384e-07	2.926464531200019e-08	2.75845391250411e-08
39.45538	39.3721	-0.38775510204081653	-0.3975780869972515	-0.39437393683540634	0.00013755314452839015	0.0001363150805662396	-0.007939507566664394	-0.0078039593790667095	0.00017275712789334237	0.00017165047826614806	-7.962599104066186e-07	-7.826656683448711e-07	2.9501183188864183e-08	2.910644502194768e-08
39.45538	39.37588	-0.22448979591836737	-0.23808175338818727	-0.23400965160098472	0.0001494769399438507	0.00014714481877638947	-0.008987037739937294	-0.009094382713171645	0.00018502501311388106	0.0001857944037220935	-9.013175950192853e-07	-9.12083312924646e-07	3.2784714772279894e-08	3.309474626296121e-08
39.45538	39.37966	-0.06122448979591866	-0.07480460430640909	-0.0723502552949424	0.00014990608260568864	0.00015771360352458038	-0.006529455139979185	-0.008119174039566924	0.00018704922338555694	0.0002011499797664162	-6.548445632312893e-07	-8.142788125129801e-07	2.7157248246915672e-08	3.1673278381542905e-08
39.45538	39.38344	0.1020408163265305	0.09047201440102956	0.09263280493718062	0.00016510591242743357	0.00016761263502497174	-0.007108031191816203	-0.007948148455767518	0.00021595676635580632	0.00021939796927763003	-7.128704434676766e-07	-7.971265124628942e-07	3.0431207969863563e-08	3.248894263475766e-08
39.45538	39.38344	0.2653061224489792	0.2468087315172377	0.24723270997389737	0.0001974740394094277	0.00019069418433660573	-1.5928720994540235e-05	-0.00015329481743832187	0.0002560056937627924	0.00024887254157417214	-1.5975048635583427e-09	-1.5374066536788873e-08	2.5675071644208992e-08	2.4963894433476182e-08
39.45538	39.38344	0.4285714285714284	0.3655904093136425	0.36714726904214673	0.00021681346659901447	0.00021738768958101616	0.04334132273927027	0.044015417799650784	0.00028810544852537085	0.00029228074332512385	4.346737813586428e-06	4.414343375754767e-06	1.335096340320651e-07	1.3557950132628918e-07
39.45538	39.38344	0.5918367346938771	0.4338159505933348	0.434514401465695	0.00026353360672166557	0.00027710985477993747	0.13615133930677542	0.13917203260503366	0.00033797743780283434	0.00036213109258259385	1.3654732655378139e-05	1.3957680534052117e-05	4.108645391774422e-07	4.20121201410966e-07
39.45538	39.38344	0.7551020408163263	0.47250932327855377	0.47309871241314133	0.00029307294762768527	0.00028202633736400224	0.2617832500593638	0.26417851748147503	0.0003757690245776529	0.0003634553300852017	2.6254462948486993e-05	2.6494686338529237e-05	7.881930558328941e-07	7.95330904889264e-07
39.45538	39.38722	0.9183673469387754	0.49841018185698027	0.49903547134776904	0.00031209031189291807	0.00032170342872050425	0.399295526618779	0.3992241131354153	0.0003983863463448255	0.00041152565733006266	4.0045685148809446e-05	4.003852303032948e-05	1.2015129435892788e-06	1.2013428418416728e-06
39.45538	39.39099	1.0816326530612246	0.5180858724262207	0.5179440948582845	0.0003360284885681411	0.00034803113617821454	0.5433022268211155	0.5457165952788919	0.0004274998323769759	0.00044173210006520164	5.448823857397608e-05	5.473037762299588e-05	1.6344991618238982e-06	1.6417955845055272e-06
39.45538	39.39477	1.2448979591836729	0.5316463681197581	0.5326874542392318	0.00034398889140596856	0.00034320384062060203	0.6898970483716468	0.6950969528585125	0.0004281973657942184	0.0004335702415736426	6.919035687209375e-05	6.971185967892012e-05	2.075252996996306e-06	2.0908990950345966e-06
39.45538	39.39477	1.408163265306122	0.5442321195560359	0.5443311836292217	0.00035890130643654363	0.0003571071292132504	0.8438368718215657	0.8475061889812814	0.0004545626329675605	0.00044682037377346835	8.462911160581344e-05	8.499711051863217e-05	2.5381794122649053e-06	2.5491990415286924e-06
39.45538	39.39477	1.5714285714285712	0.553426499140956	0.5543289842916588	0.0003722638511326676	0.0003767192687325028	0.9969288470199666	0.9998731246449855	0.0004721982281634442	0.00047430258591330075	9.998283492327416e-05	0.00010027811900962646	2.9985554773283237e-06	3.007412379674647e-06
39.45538	39.39477	1.7346938775510203	0.5628026486974063	0.5624600172302949	0.0003650429063274076	0.00036386792547111546	1.1515768838982066	1.1562741733939144	0.0004602762102517013	0.0004552755817394098	0.00011549261697905994	0.00011596371210449447	3.4635803650468985e-06	3.4776992064020294e-06
39.45538	39.39856	1.8979591836734686	0.5682330265968673	0.5683352722058529	0.00038424656925060817	0.0003959250865589415	1.3082226410805178	1.3138050787779427	0.00048467831775458566	0.0004991812452685109	0.0001312027520891102	0.00013176261947426965	3.934672233277995e-06	3.951477839923044e-06
39.45538	39.40235	2.0612244897959178	0.5748503624104196	0.5753434138932907	0.00038160298007915985	0.00037689596294082303	1.4645204340425069	1.4690453334421185	0.0004758423169074422	0.0004746558017606651	0.00014687798957401532	0.00014733179555131065	4.404683253410179e-06	4.418289436116273e-06
39.45538	39.40614	2.224489795918367	0.5794664108374259	0.5810064569212146	0.0003759993129300041	0.00038329335197557455	1.624713156475781	1.6260854545672516	0.00046963945291236174	0.0004840055741698043	0.0001629438528207583	0.00016308148175381122	4.886418161694132e-06	4.890559132113319e-06
39.45538	39.40994	2.387755102040816	0.584854977047309	0.5860728404526866	0.0003948750926028385	0.0003893542873857502	1.7818724431106294	1.7878719830262786	0.0004943085064069875	0.0004894280344619108	0.00017870549023273787	0.00017930718915116624	5.3590640814714066e-06	5.3771019443559165e-06
39.45538	39.40994	2.5510204081632653	0.5884626653605043	0.5898791078606229	0.00038770174913886597	0.00039634398636519705	1.943719926737463	1.9490999538769784	0.00048580025310731255	0.0004930466259082171	0.00019493731087528462	0.00019547687833486896	5.845780806711429e-06	5.861966320648775e-06
39.45158	39.40994	2.7142857142857135	0.5928028736485876	0.5932473012289785	0.0004161828003754698	0.0003967147747165772	2.10203090868213	2.1069351544482515	0.0005224629445911908	0.0004963379688527512	0.0002108144527812787	0.00021130630372562947	6.3219021764385605e-06	6.33662966254458e-06
39.45158	39.40994	2.8775510204081627	0.596746826637117	0.5956671139749729	0.00039828076853157815	0.00041217844151262786	2.2589659547254337	2.2649332001855815	0.0005009905494333567	0.0005157761797920939	0.00022655360091519745	0.00022715206099544494	6.7938400632557525e-06	6.811796672777818e-06
39.44779	39.40994	3.040816326530612	0.599003055674562	0.5999705180509477	0.00038941131885526683	0.0004016206545203704	2.419963769933555	2.424306727243638	0.0004913929288259886	0.0005027261100795926	0.00024270020759538212	0.00024313576644706026	7.278008805118578e-06	7.291077364290046e-06
39.444	39.41372	3.204081632653061	0.6024848511821372	0.6026338961337321	0.00039985859049833464	0.00040820933098687466	2.5787732708110154	2.5833782247348998	0.0004969176483157788	0.0005134665619751963	0.00025862734638561983	0.00025908918109867615	7.755608579091333e-06	7.769468137002292e-06
39.444	39.41751	3.3673469387755093	0.6048037845814345	0.6065433202214751	0.0003957747280670659	0.00040387369611003893	2.7378566003900953	2.743228894322221	0.0004905531113505085	0.0005021631224698818	0.0002745819476873027	0.00027512073957699536	8.234025462798656e-06	8.250188932638356e-06
39.444	39.42129	3.5306122448979584	0.6081606064546947	0.6072826695806736	0.0004199063232265167	0.00040163643035575605	2.9014038732652345	2.9077827624331736	0.000518570740149969	0.0005008211896617321	0.00029098424162724246	0.00029162398580214355	8.72588844134718e-06	8.745061680351009e-06
39.44021	39.42507	3.6938775510204076	0.6098115443095858	0.6103972954980192	0.00040870321456869425	0.0004200586682270587	3.0613627994566817	3.0662606801095786	0.0005077482933592477	0.000516386460872034	0.00030702665725169806	0.00030751786983347493	9.206937586749034e-06	9.221672159529088e-06
39.44021	39.42507	3.8571428571428568	0.6123672301092986	0.6134233136438884	0.0004081248268136685	0.0004176633190009582	3.2224911571307993	3.226828199938502	0.0005051969939564462	0.0005146395268339758	0.00032318635614590307	0.0003236213218271489	9.691509484154129e-06	9.704557595992019e-06
39.44021	39.42507	4.020408163265306	0.6141104041362722	0.6145143796459096	0.0004256353243301314	0.0004016417102489741	3.3838492123325885	3.3894089088247914	0.0005271706966736222	0.0004953528026905388	0.00033936909159889563	0.0003399266782494024	1.0176785455302777e-05	1.0193489508393728e-05
39.44021	39.42507	4.183673469387754	0.6168796696525327	0.6171168794653796	0.0004233104771877543	0.0004297962860178919	3.5448001723527853	3.5491003775636814	0.0005252792697063	0.0005317529936965952	0.0003555109991327636	0.0003559422703403552	1.0660825051463243e-05	1.0673760631319775e-05
39.44021	39.42507	4.346938775510203	0.6192131416620503	0.6197211887324767	0.0004005321516956325	0.00040896003164228416	3.7077243011788386	3.7114563899422803	0.000490657371518938	0.0005060320966055495	0.0003718507974304321	0.000372225091760333	1.1150784382020251e-05	1.1162015127020507e-05
39.44021	39.42507	4.5102040816326525	0.6207954492642196	0.6225009060221005	0.0004284419686092895	0.0004177834038697953	3.867610447243136	3.8724073507391337	0.0005338530535853886	0.0005130817943693266	0.0003878859138745498	0.0003883669993720924	1.1631643458079785e-05	1.1646060207409259e-05
39.44021	39.42886	4.673469387755102	0.6228476322427942	0.6224481927303567	0.0004336276880942803	0.0004142574842464038	4.029007168772439	4.036237546823929	0.0005380652002300495	0.000515653487593695	0.0004040725272061417	0.00040479766791935907	1.2117027757845689e-05	1.2138762525714513e-05
39.44021	39.43264	4.836734693877551	0.6247966607625253	0.6251124860880589	0.00041584052700560523	0.0004046657965103179	4.1879399390595236	4.191448239549279	0.0005105318334824386	0.0004951348838098291	0.00042001202878944174	0.0004203638792046213	1.259498890079833e-05	1.260553356118125e-05
39.44021	39.43643	5.0	0.6260104297474174	0.625775037634286	0.00041732559120802846	0.00044438117918754955	4.3537678591253295	4.354287303747313	0.0005211265606938344	0.0005480638728797402	0.00043664305075973616	0.0004366951462989984	1.3093702961960223e-05	1.3095276197305355e-05
